2	-29	1
2	-29	3
2	-29	5
2	-29	7
2	-29	9
2	-29	11
2	-29	13
2	-29	15
2	-29	17
2	-29	19
2	-29	21
2	-29	23
2	-29	25
2	-29	27
2	-29	29
2	-29	31
2	-29	33
2	-29	35
2	-29	37
2	-29	39
2	-29	41
2	-29	43
2	-29	45
2	-29	47
2	-29	49
2	-29	51
2	-29	53
2	-29	55
2	-29	57
2	-29	59
2	-29	61
2	-29	63
2	-29	65
2	-29	67
2	-29	69
2	-29	71
2	-28	1
2	-28	3
2	-28	5
2	-28	7
2	-28	9
2	-28	11
2	-28	13
2	-28	15
2	-28	17
2	-28	19
2	-28	21
2	-28	23
2	-28	25
2	-28	27
2	-28	29
2	-28	31
2	-28	33
2	-28	35
2	-28	37
2	-28	39
2	-28	41
2	-28	43
2	-28	45
2	-28	47
2	-28	49
2	-28	51
2	-28	53
2	-28	55
2	-28	57
2	-28	59
2	-28	61
2	-28	63
2	-28	65
2	-28	67
2	-28	69
2	-28	71
2	-27	1
2	-27	3
2	-27	5
2	-27	7
2	-27	9
2	-27	11
2	-27	13
2	-27	15
2	-27	17
2	-27	19
2	-27	21
2	-27	23
2	-27	25
2	-27	27
2	-27	29
2	-27	31
2	-27	33
2	-27	35
2	-27	37
2	-27	39
2	-27	41
2	-27	43
2	-27	45
2	-27	47
2	-27	49
2	-27	51
2	-27	53
2	-27	55
2	-27	57
2	-27	59
2	-27	61
2	-27	63
2	-27	65
2	-27	67
2	-27	69
2	-27	71
2	-26	1
2	-26	3
2	-26	5
2	-26	7
2	-26	9
2	-26	11
2	-26	13
2	-26	15
2	-26	17
2	-26	19
2	-26	21
2	-26	23
2	-26	25
2	-26	27
2	-26	29
2	-26	31
2	-26	33
2	-26	35
2	-26	37
2	-26	39
2	-26	41
2	-26	43
2	-26	45
2	-26	47
2	-26	49
2	-26	51
2	-26	53
2	-26	55
2	-26	57
2	-26	59
2	-26	61
2	-26	63
2	-26	65
2	-26	67
2	-26	69
2	-26	71
2	-25	1
2	-25	3
2	-25	5
2	-25	7
2	-25	9
2	-25	11
2	-25	13
2	-25	15
2	-25	17
2	-25	19
2	-25	21
2	-25	23
2	-25	25
2	-25	27
2	-25	29
2	-25	31
2	-25	33
2	-25	35
2	-25	37
2	-25	39
2	-25	41
2	-25	43
2	-25	45
2	-25	47
2	-25	49
2	-25	51
2	-25	53
2	-25	55
2	-25	57
2	-25	59
2	-25	61
2	-25	63
2	-25	65
2	-25	67
2	-25	69
2	-25	71
2	-24	1
2	-24	3
2	-24	5
2	-24	7
2	-24	9
2	-24	11
2	-24	13
2	-24	15
2	-24	17
2	-24	19
2	-24	21
2	-24	23
2	-24	25
2	-24	27
2	-24	29
2	-24	31
2	-24	33
2	-24	35
2	-24	37
2	-24	39
2	-24	41
2	-24	43
2	-24	45
2	-24	47
2	-24	49
2	-24	51
2	-24	53
2	-24	55
2	-24	57
2	-24	59
2	-24	61
2	-24	63
2	-24	65
2	-24	67
2	-24	69
2	-24	71
2	-23	1
2	-23	3
2	-23	5
2	-23	7
2	-23	9
2	-23	11
2	-23	13
2	-23	15
2	-23	17
2	-23	19
2	-23	21
2	-23	23
2	-23	25
2	-23	27
2	-23	29
2	-23	31
2	-23	33
2	-23	35
2	-23	37
2	-23	39
2	-23	41
2	-23	43
2	-23	45
2	-23	47
2	-23	49
2	-23	51
2	-23	53
2	-23	55
2	-23	57
2	-23	59
2	-23	61
2	-23	63
2	-23	65
2	-23	67
2	-23	69
2	-23	71
2	-22	1
2	-22	3
2	-22	5
2	-22	7
2	-22	9
2	-22	11
2	-22	13
2	-22	15
2	-22	17
2	-22	19
2	-22	21
2	-22	23
2	-22	25
2	-22	27
2	-22	29
2	-22	31
2	-22	33
2	-22	35
2	-22	37
2	-22	39
2	-22	41
2	-22	43
2	-22	45
2	-22	47
2	-22	49
2	-22	51
2	-22	53
2	-22	55
2	-22	57
2	-22	59
2	-22	61
2	-22	63
2	-22	65
2	-22	67
2	-22	69
2	-22	71
2	-21	1
2	-21	3
2	-21	5
2	-21	7
2	-21	9
2	-21	11
2	-21	13
2	-21	15
2	-21	17
2	-21	19
2	-21	21
2	-21	23
2	-21	25
2	-21	27
2	-21	29
2	-21	31
2	-21	33
2	-21	35
2	-21	37
2	-21	39
2	-21	41
2	-21	43
2	-21	45
2	-21	47
2	-21	49
2	-21	51
2	-21	53
2	-21	55
2	-21	57
2	-21	59
2	-21	61
2	-21	63
2	-21	65
2	-21	67
2	-21	69
2	-21	71
2	-20	1
2	-20	2
2	-20	3
2	-20	4
2	-20	5
2	-20	6
2	-20	7
2	-20	8
2	-20	9
2	-20	10
2	-20	11
2	-20	12
2	-20	13
2	-20	14
2	-20	15
2	-20	16
2	-20	17
2	-20	18
2	-20	19
2	-20	20
2	-20	21
2	-20	22
2	-20	23
2	-20	24
2	-20	25
2	-20	26
2	-20	27
2	-20	28
2	-20	29
2	-20	30
2	-20	31
2	-20	32
2	-20	33
2	-20	34
2	-20	35
2	-20	36
2	-20	37
2	-20	38
2	-20	39
2	-20	40
2	-20	41
2	-20	42
2	-20	43
2	-20	44
2	-20	45
2	-20	46
2	-20	47
2	-20	48
2	-20	49
2	-20	50
2	-20	51
2	-20	52
2	-20	53
2	-20	54
2	-20	55
2	-20	56
2	-20	57
2	-20	58
2	-20	59
2	-20	60
2	-20	61
2	-20	62
2	-20	63
2	-20	64
2	-20	65
2	-20	66
2	-20	67
2	-20	68
2	-20	69
2	-20	70
2	-20	71
2	-20	72
2	-19	1
2	-19	2
2	-19	3
2	-19	4
2	-19	5
2	-19	6
2	-19	7
2	-19	8
2	-19	9
2	-19	10
2	-19	11
2	-19	12
2	-19	13
2	-19	14
2	-19	15
2	-19	16
2	-19	17
2	-19	18
2	-19	19
2	-19	20
2	-19	21
2	-19	22
2	-19	23
2	-19	24
2	-19	25
2	-19	26
2	-19	27
2	-19	28
2	-19	29
2	-19	30
2	-19	31
2	-19	32
2	-19	33
2	-19	34
2	-19	35
2	-19	36
2	-19	37
2	-19	38
2	-19	39
2	-19	40
2	-19	41
2	-19	42
2	-19	43
2	-19	44
2	-19	45
2	-19	46
2	-19	47
2	-19	48
2	-19	49
2	-19	50
2	-19	51
2	-19	52
2	-19	53
2	-19	54
2	-19	55
2	-19	56
2	-19	57
2	-19	58
2	-19	59
2	-19	60
2	-19	61
2	-19	62
2	-19	63
2	-19	64
2	-19	65
2	-19	66
2	-19	67
2	-19	68
2	-19	69
2	-19	70
2	-19	71
2	-19	72
2	-18	1
2	-18	2
2	-18	3
2	-18	4
2	-18	5
2	-18	6
2	-18	7
2	-18	8
2	-18	9
2	-18	10
2	-18	11
2	-18	12
2	-18	13
2	-18	14
2	-18	15
2	-18	16
2	-18	17
2	-18	18
2	-18	19
2	-18	20
2	-18	21
2	-18	22
2	-18	23
2	-18	24
2	-18	25
2	-18	26
2	-18	27
2	-18	28
2	-18	29
2	-18	30
2	-18	31
2	-18	32
2	-18	33
2	-18	34
2	-18	35
2	-18	36
2	-18	37
2	-18	38
2	-18	39
2	-18	40
2	-18	41
2	-18	42
2	-18	43
2	-18	44
2	-18	45
2	-18	46
2	-18	47
2	-18	48
2	-18	49
2	-18	50
2	-18	51
2	-18	52
2	-18	53
2	-18	54
2	-18	55
2	-18	56
2	-18	57
2	-18	58
2	-18	59
2	-18	60
2	-18	61
2	-18	62
2	-18	63
2	-18	64
2	-18	65
2	-18	66
2	-18	67
2	-18	68
2	-18	69
2	-18	70
2	-18	71
2	-18	72
2	-17	1
2	-17	2
2	-17	3
2	-17	4
2	-17	5
2	-17	6
2	-17	7
2	-17	8
2	-17	9
2	-17	10
2	-17	11
2	-17	12
2	-17	13
2	-17	14
2	-17	15
2	-17	16
2	-17	17
2	-17	18
2	-17	19
2	-17	20
2	-17	21
2	-17	22
2	-17	23
2	-17	24
2	-17	25
2	-17	26
2	-17	27
2	-17	28
2	-17	29
2	-17	30
2	-17	31
2	-17	32
2	-17	33
2	-17	34
2	-17	35
2	-17	36
2	-17	37
2	-17	38
2	-17	39
2	-17	40
2	-17	41
2	-17	42
2	-17	43
2	-17	44
2	-17	45
2	-17	46
2	-17	47
2	-17	48
2	-17	49
2	-17	50
2	-17	51
2	-17	52
2	-17	53
2	-17	54
2	-17	55
2	-17	56
2	-17	57
2	-17	58
2	-17	59
2	-17	60
2	-17	61
2	-17	62
2	-17	63
2	-17	64
2	-17	65
2	-17	66
2	-17	67
2	-17	68
2	-17	69
2	-17	70
2	-17	71
2	-17	72
2	17	1
2	17	2
2	17	3
2	17	4
2	17	5
2	17	6
2	17	7
2	17	8
2	17	9
2	17	10
2	17	11
2	17	12
2	17	13
2	17	14
2	17	15
2	17	16
2	17	17
2	17	18
2	17	19
2	17	20
2	17	21
2	17	22
2	17	23
2	17	24
2	17	25
2	17	26
2	17	27
2	17	28
2	17	29
2	17	30
2	17	31
2	17	32
2	17	33
2	17	34
2	17	35
2	17	36
2	17	37
2	17	38
2	17	39
2	17	40
2	17	41
2	17	42
2	17	43
2	17	44
2	17	45
2	17	46
2	17	47
2	17	48
2	17	49
2	17	50
2	17	51
2	17	52
2	17	53
2	17	54
2	17	55
2	17	56
2	17	57
2	17	58
2	17	59
2	17	60
2	17	61
2	17	62
2	17	63
2	17	64
2	17	65
2	17	66
2	17	67
2	17	68
2	17	69
2	17	70
2	17	71
2	17	72
2	18	1
2	18	2
2	18	3
2	18	4
2	18	5
2	18	6
2	18	7
2	18	8
2	18	9
2	18	10
2	18	11
2	18	12
2	18	13
2	18	14
2	18	15
2	18	16
2	18	17
2	18	18
2	18	19
2	18	20
2	18	21
2	18	22
2	18	23
2	18	24
2	18	25
2	18	26
2	18	27
2	18	28
2	18	29
2	18	30
2	18	31
2	18	32
2	18	33
2	18	34
2	18	35
2	18	36
2	18	37
2	18	38
2	18	39
2	18	40
2	18	41
2	18	42
2	18	43
2	18	44
2	18	45
2	18	46
2	18	47
2	18	48
2	18	49
2	18	50
2	18	51
2	18	52
2	18	53
2	18	54
2	18	55
2	18	56
2	18	57
2	18	58
2	18	59
2	18	60
2	18	61
2	18	62
2	18	63
2	18	64
2	18	65
2	18	66
2	18	67
2	18	68
2	18	69
2	18	70
2	18	71
2	18	72
2	19	1
2	19	2
2	19	3
2	19	4
2	19	5
2	19	6
2	19	7
2	19	8
2	19	9
2	19	10
2	19	11
2	19	12
2	19	13
2	19	14
2	19	15
2	19	16
2	19	17
2	19	18
2	19	19
2	19	20
2	19	21
2	19	22
2	19	23
2	19	24
2	19	25
2	19	26
2	19	27
2	19	28
2	19	29
2	19	30
2	19	31
2	19	32
2	19	33
2	19	34
2	19	35
2	19	36
2	19	37
2	19	38
2	19	39
2	19	40
2	19	41
2	19	42
2	19	43
2	19	44
2	19	45
2	19	46
2	19	47
2	19	48
2	19	49
2	19	50
2	19	51
2	19	52
2	19	53
2	19	54
2	19	55
2	19	56
2	19	57
2	19	58
2	19	59
2	19	60
2	19	61
2	19	62
2	19	63
2	19	64
2	19	65
2	19	66
2	19	67
2	19	68
2	19	69
2	19	70
2	19	71
2	19	72
2	20	1
2	20	2
2	20	3
2	20	4
2	20	5
2	20	6
2	20	7
2	20	8
2	20	9
2	20	10
2	20	11
2	20	12
2	20	13
2	20	14
2	20	15
2	20	16
2	20	17
2	20	18
2	20	19
2	20	20
2	20	21
2	20	22
2	20	23
2	20	24
2	20	25
2	20	26
2	20	27
2	20	28
2	20	29
2	20	30
2	20	31
2	20	32
2	20	33
2	20	34
2	20	35
2	20	36
2	20	37
2	20	38
2	20	39
2	20	40
2	20	41
2	20	42
2	20	43
2	20	44
2	20	45
2	20	46
2	20	47
2	20	48
2	20	49
2	20	50
2	20	51
2	20	52
2	20	53
2	20	54
2	20	55
2	20	56
2	20	57
2	20	58
2	20	59
2	20	60
2	20	61
2	20	62
2	20	63
2	20	64
2	20	65
2	20	66
2	20	67
2	20	68
2	20	69
2	20	70
2	20	71
2	20	72
2	21	1
2	21	3
2	21	5
2	21	7
2	21	9
2	21	11
2	21	13
2	21	15
2	21	17
2	21	19
2	21	21
2	21	23
2	21	25
2	21	27
2	21	29
2	21	31
2	21	33
2	21	35
2	21	37
2	21	39
2	21	41
2	21	43
2	21	45
2	21	47
2	21	49
2	21	51
2	21	53
2	21	55
2	21	57
2	21	59
2	21	61
2	21	63
2	21	65
2	21	67
2	21	69
2	21	71
2	22	1
2	22	3
2	22	5
2	22	7
2	22	9
2	22	11
2	22	13
2	22	15
2	22	17
2	22	19
2	22	21
2	22	23
2	22	25
2	22	27
2	22	29
2	22	31
2	22	33
2	22	35
2	22	37
2	22	39
2	22	41
2	22	43
2	22	45
2	22	47
2	22	49
2	22	51
2	22	53
2	22	55
2	22	57
2	22	59
2	22	61
2	22	63
2	22	65
2	22	67
2	22	69
2	22	71
2	23	1
2	23	3
2	23	5
2	23	7
2	23	9
2	23	11
2	23	13
2	23	15
2	23	17
2	23	19
2	23	21
2	23	23
2	23	25
2	23	27
2	23	29
2	23	31
2	23	33
2	23	35
2	23	37
2	23	39
2	23	41
2	23	43
2	23	45
2	23	47
2	23	49
2	23	51
2	23	53
2	23	55
2	23	57
2	23	59
2	23	61
2	23	63
2	23	65
2	23	67
2	23	69
2	23	71
2	24	1
2	24	3
2	24	5
2	24	7
2	24	9
2	24	11
2	24	13
2	24	15
2	24	17
2	24	19
2	24	21
2	24	23
2	24	25
2	24	27
2	24	29
2	24	31
2	24	33
2	24	35
2	24	37
2	24	39
2	24	41
2	24	43
2	24	45
2	24	47
2	24	49
2	24	51
2	24	53
2	24	55
2	24	57
2	24	59
2	24	61
2	24	63
2	24	65
2	24	67
2	24	69
2	24	71
2	25	1
2	25	3
2	25	5
2	25	7
2	25	9
2	25	11
2	25	13
2	25	15
2	25	17
2	25	19
2	25	21
2	25	23
2	25	25
2	25	27
2	25	29
2	25	31
2	25	33
2	25	35
2	25	37
2	25	39
2	25	41
2	25	43
2	25	45
2	25	47
2	25	49
2	25	51
2	25	53
2	25	55
2	25	57
2	25	59
2	25	61
2	25	63
2	25	65
2	25	67
2	25	69
2	25	71
2	26	1
2	26	3
2	26	5
2	26	7
2	26	9
2	26	11
2	26	13
2	26	15
2	26	17
2	26	19
2	26	21
2	26	23
2	26	25
2	26	27
2	26	29
2	26	31
2	26	33
2	26	35
2	26	37
2	26	39
2	26	41
2	26	43
2	26	45
2	26	47
2	26	49
2	26	51
2	26	53
2	26	55
2	26	57
2	26	59
2	26	61
2	26	63
2	26	65
2	26	67
2	26	69
2	26	71
2	27	1
2	27	3
2	27	5
2	27	7
2	27	9
2	27	11
2	27	13
2	27	15
2	27	17
2	27	19
2	27	21
2	27	23
2	27	25
2	27	27
2	27	29
2	27	31
2	27	33
2	27	35
2	27	37
2	27	39
2	27	41
2	27	43
2	27	45
2	27	47
2	27	49
2	27	51
2	27	53
2	27	55
2	27	57
2	27	59
2	27	61
2	27	63
2	27	65
2	27	67
2	27	69
2	27	71
2	28	1
2	28	3
2	28	5
2	28	7
2	28	9
2	28	11
2	28	13
2	28	15
2	28	17
2	28	19
2	28	21
2	28	23
2	28	25
2	28	27
2	28	29
2	28	31
2	28	33
2	28	35
2	28	37
2	28	39
2	28	41
2	28	43
2	28	45
2	28	47
2	28	49
2	28	51
2	28	53
2	28	55
2	28	57
2	28	59
2	28	61
2	28	63
2	28	65
2	28	67
2	28	69
2	28	71
2	29	1
2	29	3
2	29	5
2	29	7
2	29	9
2	29	11
2	29	13
2	29	15
2	29	17
2	29	19
2	29	21
2	29	23
2	29	25
2	29	27
2	29	29
2	29	31
2	29	33
2	29	35
2	29	37
2	29	39
2	29	41
2	29	43
2	29	45
2	29	47
2	29	49
2	29	51
2	29	53
2	29	55
2	29	57
2	29	59
2	29	61
2	29	63
2	29	65
2	29	67
2	29	69
2	29	71
3	-29	1
3	-29	3
3	-29	5
3	-29	7
3	-29	9
3	-29	11
3	-29	13
3	-29	15
3	-29	17
3	-29	19
3	-29	21
3	-29	23
3	-29	25
3	-29	27
3	-29	29
3	-29	31
3	-29	33
3	-29	35
3	-29	37
3	-29	39
3	-29	41
3	-29	43
3	-29	45
3	-29	47
3	-29	49
3	-29	51
3	-29	53
3	-29	55
3	-29	57
3	-29	59
3	-29	61
3	-29	63
3	-29	65
3	-29	67
3	-29	69
3	-29	71
3	-28	1
3	-28	3
3	-28	5
3	-28	7
3	-28	9
3	-28	11
3	-28	13
3	-28	15
3	-28	17
3	-28	19
3	-28	21
3	-28	23
3	-28	25
3	-28	27
3	-28	29
3	-28	31
3	-28	33
3	-28	35
3	-28	37
3	-28	39
3	-28	41
3	-28	43
3	-28	45
3	-28	47
3	-28	49
3	-28	51
3	-28	53
3	-28	55
3	-28	57
3	-28	59
3	-28	61
3	-28	63
3	-28	65
3	-28	67
3	-28	69
3	-28	71
3	-27	1
3	-27	3
3	-27	5
3	-27	7
3	-27	9
3	-27	11
3	-27	13
3	-27	15
3	-27	17
3	-27	19
3	-27	21
3	-27	23
3	-27	25
3	-27	27
3	-27	29
3	-27	31
3	-27	33
3	-27	35
3	-27	37
3	-27	39
3	-27	41
3	-27	43
3	-27	45
3	-27	47
3	-27	49
3	-27	51
3	-27	53
3	-27	55
3	-27	57
3	-27	59
3	-27	61
3	-27	63
3	-27	65
3	-27	67
3	-27	69
3	-27	71
3	-26	1
3	-26	3
3	-26	5
3	-26	7
3	-26	9
3	-26	11
3	-26	13
3	-26	15
3	-26	17
3	-26	19
3	-26	21
3	-26	23
3	-26	25
3	-26	27
3	-26	29
3	-26	31
3	-26	33
3	-26	35
3	-26	37
3	-26	39
3	-26	41
3	-26	43
3	-26	45
3	-26	47
3	-26	49
3	-26	51
3	-26	53
3	-26	55
3	-26	57
3	-26	59
3	-26	61
3	-26	63
3	-26	65
3	-26	67
3	-26	69
3	-26	71
3	-25	1
3	-25	3
3	-25	5
3	-25	7
3	-25	9
3	-25	11
3	-25	13
3	-25	15
3	-25	17
3	-25	19
3	-25	21
3	-25	23
3	-25	25
3	-25	27
3	-25	29
3	-25	31
3	-25	33
3	-25	35
3	-25	37
3	-25	39
3	-25	41
3	-25	43
3	-25	45
3	-25	47
3	-25	49
3	-25	51
3	-25	53
3	-25	55
3	-25	57
3	-25	59
3	-25	61
3	-25	63
3	-25	65
3	-25	67
3	-25	69
3	-25	71
3	-24	1
3	-24	3
3	-24	5
3	-24	7
3	-24	9
3	-24	11
3	-24	13
3	-24	15
3	-24	17
3	-24	19
3	-24	21
3	-24	23
3	-24	25
3	-24	27
3	-24	29
3	-24	31
3	-24	33
3	-24	35
3	-24	37
3	-24	39
3	-24	41
3	-24	43
3	-24	45
3	-24	47
3	-24	49
3	-24	51
3	-24	53
3	-24	55
3	-24	57
3	-24	59
3	-24	61
3	-24	63
3	-24	65
3	-24	67
3	-24	69
3	-24	71
3	-23	1
3	-23	3
3	-23	5
3	-23	7
3	-23	9
3	-23	11
3	-23	13
3	-23	15
3	-23	17
3	-23	19
3	-23	21
3	-23	23
3	-23	25
3	-23	27
3	-23	29
3	-23	31
3	-23	33
3	-23	35
3	-23	37
3	-23	39
3	-23	41
3	-23	43
3	-23	45
3	-23	47
3	-23	49
3	-23	51
3	-23	53
3	-23	55
3	-23	57
3	-23	59
3	-23	61
3	-23	63
3	-23	65
3	-23	67
3	-23	69
3	-23	71
3	-22	1
3	-22	3
3	-22	5
3	-22	7
3	-22	9
3	-22	11
3	-22	13
3	-22	15
3	-22	17
3	-22	19
3	-22	21
3	-22	23
3	-22	25
3	-22	27
3	-22	29
3	-22	31
3	-22	33
3	-22	35
3	-22	37
3	-22	39
3	-22	41
3	-22	43
3	-22	45
3	-22	47
3	-22	49
3	-22	51
3	-22	53
3	-22	55
3	-22	57
3	-22	59
3	-22	61
3	-22	63
3	-22	65
3	-22	67
3	-22	69
3	-22	71
3	-21	1
3	-21	3
3	-21	5
3	-21	7
3	-21	9
3	-21	11
3	-21	13
3	-21	15
3	-21	17
3	-21	19
3	-21	21
3	-21	23
3	-21	25
3	-21	27
3	-21	29
3	-21	31
3	-21	33
3	-21	35
3	-21	37
3	-21	39
3	-21	41
3	-21	43
3	-21	45
3	-21	47
3	-21	49
3	-21	51
3	-21	53
3	-21	55
3	-21	57
3	-21	59
3	-21	61
3	-21	63
3	-21	65
3	-21	67
3	-21	69
3	-21	71
3	-20	1
3	-20	2
3	-20	3
3	-20	4
3	-20	5
3	-20	6
3	-20	7
3	-20	8
3	-20	9
3	-20	10
3	-20	11
3	-20	12
3	-20	13
3	-20	14
3	-20	15
3	-20	16
3	-20	17
3	-20	18
3	-20	19
3	-20	20
3	-20	21
3	-20	22
3	-20	23
3	-20	24
3	-20	25
3	-20	26
3	-20	27
3	-20	28
3	-20	29
3	-20	30
3	-20	31
3	-20	32
3	-20	33
3	-20	34
3	-20	35
3	-20	36
3	-20	37
3	-20	38
3	-20	39
3	-20	40
3	-20	41
3	-20	42
3	-20	43
3	-20	44
3	-20	45
3	-20	46
3	-20	47
3	-20	48
3	-20	49
3	-20	50
3	-20	51
3	-20	52
3	-20	53
3	-20	54
3	-20	55
3	-20	56
3	-20	57
3	-20	58
3	-20	59
3	-20	60
3	-20	61
3	-20	62
3	-20	63
3	-20	64
3	-20	65
3	-20	66
3	-20	67
3	-20	68
3	-20	69
3	-20	70
3	-20	71
3	-20	72
3	-19	1
3	-19	2
3	-19	3
3	-19	4
3	-19	5
3	-19	6
3	-19	7
3	-19	8
3	-19	9
3	-19	10
3	-19	11
3	-19	12
3	-19	13
3	-19	14
3	-19	15
3	-19	16
3	-19	17
3	-19	18
3	-19	19
3	-19	20
3	-19	21
3	-19	22
3	-19	23
3	-19	24
3	-19	25
3	-19	26
3	-19	27
3	-19	28
3	-19	29
3	-19	30
3	-19	31
3	-19	32
3	-19	33
3	-19	34
3	-19	35
3	-19	36
3	-19	37
3	-19	38
3	-19	39
3	-19	40
3	-19	41
3	-19	42
3	-19	43
3	-19	44
3	-19	45
3	-19	46
3	-19	47
3	-19	48
3	-19	49
3	-19	50
3	-19	51
3	-19	52
3	-19	53
3	-19	54
3	-19	55
3	-19	56
3	-19	57
3	-19	58
3	-19	59
3	-19	60
3	-19	61
3	-19	62
3	-19	63
3	-19	64
3	-19	65
3	-19	66
3	-19	67
3	-19	68
3	-19	69
3	-19	70
3	-19	71
3	-19	72
3	-18	1
3	-18	2
3	-18	3
3	-18	4
3	-18	5
3	-18	6
3	-18	7
3	-18	8
3	-18	9
3	-18	10
3	-18	11
3	-18	12
3	-18	13
3	-18	14
3	-18	15
3	-18	16
3	-18	17
3	-18	18
3	-18	19
3	-18	20
3	-18	21
3	-18	22
3	-18	23
3	-18	24
3	-18	25
3	-18	26
3	-18	27
3	-18	28
3	-18	29
3	-18	30
3	-18	31
3	-18	32
3	-18	33
3	-18	34
3	-18	35
3	-18	36
3	-18	37
3	-18	38
3	-18	39
3	-18	40
3	-18	41
3	-18	42
3	-18	43
3	-18	44
3	-18	45
3	-18	46
3	-18	47
3	-18	48
3	-18	49
3	-18	50
3	-18	51
3	-18	52
3	-18	53
3	-18	54
3	-18	55
3	-18	56
3	-18	57
3	-18	58
3	-18	59
3	-18	60
3	-18	61
3	-18	62
3	-18	63
3	-18	64
3	-18	65
3	-18	66
3	-18	67
3	-18	68
3	-18	69
3	-18	70
3	-18	71
3	-18	72
3	18	1
3	18	2
3	18	3
3	18	4
3	18	5
3	18	6
3	18	7
3	18	8
3	18	9
3	18	10
3	18	11
3	18	12
3	18	13
3	18	14
3	18	15
3	18	16
3	18	17
3	18	18
3	18	19
3	18	20
3	18	21
3	18	22
3	18	23
3	18	24
3	18	25
3	18	26
3	18	27
3	18	28
3	18	29
3	18	30
3	18	31
3	18	32
3	18	33
3	18	34
3	18	35
3	18	36
3	18	37
3	18	38
3	18	39
3	18	40
3	18	41
3	18	42
3	18	43
3	18	44
3	18	45
3	18	46
3	18	47
3	18	48
3	18	49
3	18	50
3	18	51
3	18	52
3	18	53
3	18	54
3	18	55
3	18	56
3	18	57
3	18	58
3	18	59
3	18	60
3	18	61
3	18	62
3	18	63
3	18	64
3	18	65
3	18	66
3	18	67
3	18	68
3	18	69
3	18	70
3	18	71
3	18	72
3	19	1
3	19	2
3	19	3
3	19	4
3	19	5
3	19	6
3	19	7
3	19	8
3	19	9
3	19	10
3	19	11
3	19	12
3	19	13
3	19	14
3	19	15
3	19	16
3	19	17
3	19	18
3	19	19
3	19	20
3	19	21
3	19	22
3	19	23
3	19	24
3	19	25
3	19	26
3	19	27
3	19	28
3	19	29
3	19	30
3	19	31
3	19	32
3	19	33
3	19	34
3	19	35
3	19	36
3	19	37
3	19	38
3	19	39
3	19	40
3	19	41
3	19	42
3	19	43
3	19	44
3	19	45
3	19	46
3	19	47
3	19	48
3	19	49
3	19	50
3	19	51
3	19	52
3	19	53
3	19	54
3	19	55
3	19	56
3	19	57
3	19	58
3	19	59
3	19	60
3	19	61
3	19	62
3	19	63
3	19	64
3	19	65
3	19	66
3	19	67
3	19	68
3	19	69
3	19	70
3	19	71
3	19	72
3	20	1
3	20	2
3	20	3
3	20	4
3	20	5
3	20	6
3	20	7
3	20	8
3	20	9
3	20	10
3	20	11
3	20	12
3	20	13
3	20	14
3	20	15
3	20	16
3	20	17
3	20	18
3	20	19
3	20	20
3	20	21
3	20	22
3	20	23
3	20	24
3	20	25
3	20	26
3	20	27
3	20	28
3	20	29
3	20	30
3	20	31
3	20	32
3	20	33
3	20	34
3	20	35
3	20	36
3	20	37
3	20	38
3	20	39
3	20	40
3	20	41
3	20	42
3	20	43
3	20	44
3	20	45
3	20	46
3	20	47
3	20	48
3	20	49
3	20	50
3	20	51
3	20	52
3	20	53
3	20	54
3	20	55
3	20	56
3	20	57
3	20	58
3	20	59
3	20	60
3	20	61
3	20	62
3	20	63
3	20	64
3	20	65
3	20	66
3	20	67
3	20	68
3	20	69
3	20	70
3	20	71
3	20	72
3	21	1
3	21	3
3	21	5
3	21	7
3	21	9
3	21	11
3	21	13
3	21	15
3	21	17
3	21	19
3	21	21
3	21	23
3	21	25
3	21	27
3	21	29
3	21	31
3	21	33
3	21	35
3	21	37
3	21	39
3	21	41
3	21	43
3	21	45
3	21	47
3	21	49
3	21	51
3	21	53
3	21	55
3	21	57
3	21	59
3	21	61
3	21	63
3	21	65
3	21	67
3	21	69
3	21	71
3	22	1
3	22	3
3	22	5
3	22	7
3	22	9
3	22	11
3	22	13
3	22	15
3	22	17
3	22	19
3	22	21
3	22	23
3	22	25
3	22	27
3	22	29
3	22	31
3	22	33
3	22	35
3	22	37
3	22	39
3	22	41
3	22	43
3	22	45
3	22	47
3	22	49
3	22	51
3	22	53
3	22	55
3	22	57
3	22	59
3	22	61
3	22	63
3	22	65
3	22	67
3	22	69
3	22	71
3	23	1
3	23	3
3	23	5
3	23	7
3	23	9
3	23	11
3	23	13
3	23	15
3	23	17
3	23	19
3	23	21
3	23	23
3	23	25
3	23	27
3	23	29
3	23	31
3	23	33
3	23	35
3	23	37
3	23	39
3	23	41
3	23	43
3	23	45
3	23	47
3	23	49
3	23	51
3	23	53
3	23	55
3	23	57
3	23	59
3	23	61
3	23	63
3	23	65
3	23	67
3	23	69
3	23	71
3	24	1
3	24	3
3	24	5
3	24	7
3	24	9
3	24	11
3	24	13
3	24	15
3	24	17
3	24	19
3	24	21
3	24	23
3	24	25
3	24	27
3	24	29
3	24	31
3	24	33
3	24	35
3	24	37
3	24	39
3	24	41
3	24	43
3	24	45
3	24	47
3	24	49
3	24	51
3	24	53
3	24	55
3	24	57
3	24	59
3	24	61
3	24	63
3	24	65
3	24	67
3	24	69
3	24	71
3	25	1
3	25	3
3	25	5
3	25	7
3	25	9
3	25	11
3	25	13
3	25	15
3	25	17
3	25	19
3	25	21
3	25	23
3	25	25
3	25	27
3	25	29
3	25	31
3	25	33
3	25	35
3	25	37
3	25	39
3	25	41
3	25	43
3	25	45
3	25	47
3	25	49
3	25	51
3	25	53
3	25	55
3	25	57
3	25	59
3	25	61
3	25	63
3	25	65
3	25	67
3	25	69
3	25	71
3	26	1
3	26	3
3	26	5
3	26	7
3	26	9
3	26	11
3	26	13
3	26	15
3	26	17
3	26	19
3	26	21
3	26	23
3	26	25
3	26	27
3	26	29
3	26	31
3	26	33
3	26	35
3	26	37
3	26	39
3	26	41
3	26	43
3	26	45
3	26	47
3	26	49
3	26	51
3	26	53
3	26	55
3	26	57
3	26	59
3	26	61
3	26	63
3	26	65
3	26	67
3	26	69
3	26	71
3	27	1
3	27	3
3	27	5
3	27	7
3	27	9
3	27	11
3	27	13
3	27	15
3	27	17
3	27	19
3	27	21
3	27	23
3	27	25
3	27	27
3	27	29
3	27	31
3	27	33
3	27	35
3	27	37
3	27	39
3	27	41
3	27	43
3	27	45
3	27	47
3	27	49
3	27	51
3	27	53
3	27	55
3	27	57
3	27	59
3	27	61
3	27	63
3	27	65
3	27	67
3	27	69
3	27	71
3	28	1
3	28	3
3	28	5
3	28	7
3	28	9
3	28	11
3	28	13
3	28	15
3	28	17
3	28	19
3	28	21
3	28	23
3	28	25
3	28	27
3	28	29
3	28	31
3	28	33
3	28	35
3	28	37
3	28	39
3	28	41
3	28	43
3	28	45
3	28	47
3	28	49
3	28	51
3	28	53
3	28	55
3	28	57
3	28	59
3	28	61
3	28	63
3	28	65
3	28	67
3	28	69
3	28	71
3	29	1
3	29	3
3	29	5
3	29	7
3	29	9
3	29	11
3	29	13
3	29	15
3	29	17
3	29	19
3	29	21
3	29	23
3	29	25
3	29	27
3	29	29
3	29	31
3	29	33
3	29	35
3	29	37
3	29	39
3	29	41
3	29	43
3	29	45
3	29	47
3	29	49
3	29	51
3	29	53
3	29	55
3	29	57
3	29	59
3	29	61
3	29	63
3	29	65
3	29	67
3	29	69
3	29	71
4	-28	1
4	-28	3
4	-28	5
4	-28	7
4	-28	9
4	-28	11
4	-28	13
4	-28	15
4	-28	17
4	-28	19
4	-28	21
4	-28	23
4	-28	25
4	-28	27
4	-28	29
4	-28	31
4	-28	33
4	-28	35
4	-28	37
4	-28	39
4	-28	41
4	-28	43
4	-28	45
4	-28	47
4	-28	49
4	-28	51
4	-28	53
4	-28	55
4	-28	57
4	-28	59
4	-28	61
4	-28	63
4	-28	65
4	-28	67
4	-28	69
4	-28	71
4	-27	1
4	-27	3
4	-27	5
4	-27	7
4	-27	9
4	-27	11
4	-27	13
4	-27	15
4	-27	17
4	-27	19
4	-27	21
4	-27	23
4	-27	25
4	-27	27
4	-27	29
4	-27	31
4	-27	33
4	-27	35
4	-27	37
4	-27	39
4	-27	41
4	-27	43
4	-27	45
4	-27	47
4	-27	49
4	-27	51
4	-27	53
4	-27	55
4	-27	57
4	-27	59
4	-27	61
4	-27	63
4	-27	65
4	-27	67
4	-27	69
4	-27	71
4	-16	1
4	-16	2
4	-16	3
4	-16	4
4	-16	5
4	-16	6
4	-16	7
4	-16	8
4	-16	9
4	-16	10
4	-16	11
4	-16	12
4	-16	13
4	-16	14
4	-16	15
4	-16	16
4	-16	17
4	-16	18
4	-16	19
4	-16	20
4	-16	21
4	-16	22
4	-16	23
4	-16	24
4	-16	25
4	-16	26
4	-16	27
4	-16	28
4	-16	29
4	-16	30
4	-16	31
4	-16	32
4	-16	33
4	-16	34
4	-16	35
4	-16	36
4	-16	37
4	-16	38
4	-16	39
4	-16	40
4	-16	41
4	-16	42
4	-16	43
4	-16	44
4	-16	45
4	-16	46
4	-16	47
4	-16	48
4	-16	49
4	-16	50
4	-16	51
4	-16	52
4	-16	53
4	-16	54
4	-16	55
4	-16	56
4	-16	57
4	-16	58
4	-16	59
4	-16	60
4	-16	61
4	-16	62
4	-16	63
4	-16	64
4	-16	65
4	-16	66
4	-16	67
4	-16	68
4	-16	69
4	-16	70
4	-16	71
4	-16	72
4	16	1
4	16	2
4	16	3
4	16	4
4	16	5
4	16	6
4	16	7
4	16	8
4	16	9
4	16	10
4	16	11
4	16	12
4	16	13
4	16	14
4	16	15
4	16	16
4	16	17
4	16	18
4	16	19
4	16	20
4	16	21
4	16	22
4	16	23
4	16	24
4	16	25
4	16	26
4	16	27
4	16	28
4	16	29
4	16	30
4	16	31
4	16	32
4	16	33
4	16	34
4	16	35
4	16	36
4	16	37
4	16	38
4	16	39
4	16	40
4	16	41
4	16	42
4	16	43
4	16	44
4	16	45
4	16	46
4	16	47
4	16	48
4	16	49
4	16	50
4	16	51
4	16	52
4	16	53
4	16	54
4	16	55
4	16	56
4	16	57
4	16	58
4	16	59
4	16	60
4	16	61
4	16	62
4	16	63
4	16	64
4	16	65
4	16	66
4	16	67
4	16	68
4	16	69
4	16	70
4	16	71
4	16	72
4	27	1
4	27	3
4	27	5
4	27	7
4	27	9
4	27	11
4	27	13
4	27	15
4	27	17
4	27	19
4	27	21
4	27	23
4	27	25
4	27	27
4	27	29
4	27	31
4	27	33
4	27	35
4	27	37
4	27	39
4	27	41
4	27	43
4	27	45
4	27	47
4	27	49
4	27	51
4	27	53
4	27	55
4	27	57
4	27	59
4	27	61
4	27	63
4	27	65
4	27	67
4	27	69
4	27	71
4	28	1
4	28	3
4	28	5
4	28	7
4	28	9
4	28	11
4	28	13
4	28	15
4	28	17
4	28	19
4	28	21
4	28	23
4	28	25
4	28	27
4	28	29
4	28	31
4	28	33
4	28	35
4	28	37
4	28	39
4	28	41
4	28	43
4	28	45
4	28	47
4	28	49
4	28	51
4	28	53
4	28	55
4	28	57
4	28	59
4	28	61
4	28	63
4	28	65
4	28	67
4	28	69
4	28	71
