0	18	63
0	18	64
0	18	65
0	18	66
0	19	63
0	19	64
0	19	65
0	19	66
0	20	63
0	20	64
0	20	65
0	20	66
0	21	63
0	21	65
0	22	63
0	22	65
0	23	63
0	23	65
0	24	63
0	24	65
0	25	63
0	25	65
0	26	63
0	26	65
0	27	63
0	27	65
0	28	63
0	28	65
0	29	63
0	29	65
1	17	63
1	17	64
1	17	65
1	17	66
1	18	63
1	18	64
1	18	65
1	18	66
1	19	63
1	19	64
1	19	65
1	19	66
1	20	63
1	20	64
1	20	65
1	20	66
1	21	63
1	21	65
1	22	63
1	22	65
1	23	63
1	23	65
1	24	63
1	24	65
1	25	63
1	25	65
1	26	63
1	26	65
1	27	63
1	27	65
1	28	63
1	28	65
1	29	63
1	29	65
2	17	63
2	17	64
2	17	65
2	17	66
2	18	63
2	18	64
2	18	65
2	18	66
2	19	63
2	19	64
2	19	65
2	19	66
2	20	63
2	20	64
2	20	65
2	20	66
2	21	63
2	21	65
2	22	63
2	22	65
2	23	63
2	23	65
2	24	63
2	24	65
2	25	63
2	25	65
2	26	63
2	26	65
2	27	63
2	27	65
2	28	63
2	28	65
2	29	63
2	29	65
3	16	63
3	16	64
3	16	65
3	16	66
3	18	63
3	18	64
3	18	65
3	18	66
3	19	63
3	19	64
3	19	65
3	19	66
3	20	63
3	20	64
3	20	65
3	20	66
3	21	63
3	21	65
3	22	63
3	22	65
3	23	63
3	23	65
3	24	63
3	24	65
3	25	63
3	25	65
3	26	63
3	26	65
3	27	63
3	27	65
3	28	63
3	28	65
4	18	63
4	18	64
4	18	65
4	18	66
4	19	63
4	19	64
4	19	65
4	19	66
4	20	63
4	20	64
4	20	65
4	20	66
4	21	63
4	21	65
4	22	63
4	22	65
4	23	63
4	23	65
4	24	63
4	24	65
4	25	63
4	25	65
4	26	63
4	26	65
4	27	63
4	27	65
4	28	63
4	28	65
5	19	63
5	19	64
5	19	65
5	19	66
5	20	63
5	20	64
5	20	65
5	20	66
5	21	63
5	21	65
5	22	63
5	22	65
5	23	63
5	23	65
5	24	63
5	24	65
5	25	63
5	25	65
5	26	63
5	26	65
5	27	63
5	27	65
5	28	63
5	28	65
6	26	63
6	26	65
6	27	63
6	27	65
6	28	63
6	28	65
