Threshold= 0.05	RefRun= 271961	AnalazedRun=  283111:	
0	-16	23
0	-16	24
0	-16	33
0	-16	64
0	-15	3
0	-15	23
0	-15	24
0	-15	33
0	-14	3
0	-14	24
0	-14	33
0	-14	35
0	-14	39
0	-13	3
0	-13	15
0	-13	24
0	-13	33
0	-13	35
0	-13	64
0	-12	1
0	-12	15
0	-12	23
0	-12	24
0	-12	33
0	-11	1
0	-11	23
0	-11	24
0	-11	33
0	-10	24
0	-10	33
0	-9	15
0	-9	24
0	-9	33
0	-9	64
0	-8	1
0	-8	15
0	-8	24
0	-8	33
0	-8	38
0	-8	64
0	-7	1
0	-7	15
0	-7	23
0	-7	24
0	-6	15
0	-6	24
0	-6	33
0	-5	1
0	-5	3
0	-5	24
0	-5	33
0	-5	39
0	-5	64
0	-4	1
0	-4	24
0	-4	33
0	-4	60
0	-4	64
0	-3	1
0	-3	15
0	-3	23
0	-3	24
0	-3	60
0	-2	1
0	-2	15
0	-2	23
0	-2	24
0	-2	64
0	-1	1
0	-1	23
0	-1	24
0	-1	33
0	-1	64
0	2	33
0	2	42
0	7	17
0	7	72
0	8	17
0	9	31
0	10	17
0	11	17
0	11	42
0	11	54
0	12	17
0	13	17
0	13	60
0	14	17
0	14	64
0	15	17
0	15	32
1	-16	1
1	-16	3
1	-16	23
1	-16	24
1	-16	33
1	-16	64
1	-15	15
1	-15	23
1	-15	24
1	-15	33
1	-15	64
1	16	32
1	16	59
2	-29	5
2	-29	37
2	-29	47
2	-29	51
2	-27	21
2	-27	43
2	-27	45
2	-27	51
2	-27	63
2	-26	47
2	-26	59
2	-26	67
2	-25	5
2	-25	21
2	-25	33
2	-25	43
2	-25	45
2	-25	51
2	-25	61
2	-25	63
2	-24	59
2	-24	67
2	-23	21
2	-23	43
2	-23	45
2	-22	13
2	-21	21
2	-21	43
2	-21	45
2	-21	51
2	-21	63
2	-20	45
2	-20	47
2	-20	52
2	-20	64
2	-19	44
2	-19	45
2	-19	52
2	-18	18
2	-18	21
2	-18	45
2	-18	47
2	-18	64
2	-17	21
2	-17	44
2	-17	45
2	-17	47
2	-17	59
2	18	17
2	18	44
2	18	57
2	18	66
2	18	72
2	19	17
2	19	45
2	19	57
2	20	5
2	20	17
2	20	25
2	20	44
2	20	45
2	20	57
2	20	66
2	20	72
2	21	17
2	21	43
2	21	53
2	21	71
2	22	59
2	22	65
2	23	3
2	23	5
2	23	71
2	24	65
2	25	5
2	25	17
2	25	43
2	25	53
2	25	71
2	26	11
2	26	43
2	26	65
2	27	5
2	27	17
2	27	25
2	27	27
2	27	43
2	27	57
2	27	71
2	28	65
2	29	11
2	29	43
2	29	65
3	-29	19
3	-29	21
3	-29	43
3	-29	63
3	-27	21
3	-27	43
3	-27	45
3	-27	51
3	-27	63
3	-25	5
3	-25	21
3	-25	43
3	-25	45
3	-25	49
3	-25	51
3	-25	63
3	-24	47
3	-23	45
3	-23	51
3	-22	47
3	-21	21
3	-21	43
3	-21	45
3	-21	51
3	-20	44
3	-20	45
3	-20	52
3	-19	44
3	-19	45
3	-19	47
3	-19	49
3	-19	59
3	-18	44
3	-18	45
3	-18	47
3	-18	49
3	18	53
3	18	56
3	18	57
3	19	4
3	20	53
3	21	17
3	21	53
3	22	65
3	23	5
3	23	17
3	23	57
3	24	65
3	25	5
3	25	17
3	25	71
3	26	43
3	26	45
3	26	65
3	27	5
3	27	17
3	27	33
3	27	43
3	27	57
3	27	71
3	28	45
3	28	65
3	29	17
3	29	57
4	-28	9
4	-28	13
4	-28	23
4	-28	31
4	-28	37
4	-28	45
4	-28	51
4	-28	59
4	-28	63
4	-28	67
4	-27	19
4	-27	21
4	-27	43
4	-27	45
4	-27	51
4	-27	63
4	-16	45
4	-16	47
4	-16	59
4	16	57
4	27	3
4	27	5
4	27	17
4	27	25
4	27	27
4	27	37
4	27	43
4	27	71
4	28	11
4	28	31
4	28	43
4	28	45
4	28	59
4	28	65
5	-41	43
5	-40	35
5	-39	13
5	-39	33
5	-38	35
5	-37	35
5	-36	53
5	-35	15
5	-35	27
5	-32	33
5	34	43
5	35	7
5	39	1
5	39	55
5	40	11
6	-41	15
6	-41	71
6	-38	41
6	-32	27
6	35	61
6	37	65
6	38	35
6	39	61
6	40	51
7	-3	25
7	-2	41
7	5	5
7	7	45
7	9	7
7	14	23
