272581	2303	288	1190	1050	280	864	861	2157	
273557	2303	288	1190	1050	280	864	862	2158	
273961	2303	288	1190	1050	280	864	862	2158	
275697	0	0	0	0	0	864	862	0	
286764	1969	246	1075	969	260	0	0	0	
286946	2300	288	1202	1070	283	0	0	0	
286947	2301	288	1202	1070	283	0	0	0	
286949	2300	287	1201	1070	283	0	0	0	
286950	2301	288	1202	1070	283	0	0	0	
286951	2301	288	1134	1010	271	0	0	0	
286952	2301	288	1134	1010	271	0	0	0	
286953	2301	287	1133	1010	271	0	0	0	
286954	2301	288	1224	1080	288	0	0	0	
286957	2301	288	1224	1080	288	0	0	0	
286961	2301	288	1223	1075	288	0	0	0	
286968	2301	288	1223	1076	288	0	0	0	
286976	2301	288	1223	1076	288	0	0	0	
286978	2301	287	1223	1076	288	0	0	0	
286980	2301	288	1222	1076	288	0	0	0	
286982	2301	288	1223	1076	288	0	0	0	
286984	2301	288	1223	1076	288	0	0	0	
286986	2301	288	1223	1077	288	0	0	0	
286988	2300	288	1223	1075	288	0	0	0	
286991	2301	288	1224	1080	288	0	0	2158	
286994	2301	288	1224	1080	288	0	0	2158	
286996	2256	278	1224	1080	288	0	0	0	
286998	2296	287	1224	1080	288	0	0	0	
286999	2297	287	1224	1080	288	0	0	0	
287000	2298	287	1224	1080	288	0	0	0	
287001	2300	287	1224	1080	288	0	0	0	
287002	2273	285	1089	946	251	0	0	0	
287003	2181	269	1218	1075	287	0	0	0	
287004	2300	287	1224	1080	288	0	0	0	
287035	2299	288	1190	1050	280	0	0	0	
287036	2299	288	1190	1050	280	0	0	0	
287078	2300	287	760	651	186	0	0	0	
287088	2301	288	846	722	205	0	0	0	
287089	2301	288	844	725	205	0	0	0	
287387	2285	280	1076	943	252	0	0	0	
287388	2285	280	1077	945	250	0	0	0	
287389	2285	280	1078	948	252	0	0	0	
287390	2285	280	1081	950	251	0	0	0	
287391	2285	280	1079	949	251	0	0	0	
287412	2284	280	1079	946	251	0	0	0	
287427	1664	215	827	710	198	0	0	0	
287428	1677	214	825	701	199	0	0	0	
287433	1853	217	844	725	197	0	0	0	
287448	2266	280	1190	1050	280	0	0	0	
287449	2267	280	1190	1050	280	0	0	0	
287499	2267	280	1190	1050	280	0	0	0	
287584	2267	280	915	785	219	0	0	0	
287588	2267	280	1029	895	240	0	0	0	
287616	2267	280	1014	885	236	0	0	0	
287678	2267	280	1016	885	235	0	0	0	
287726	2267	280	1157	1023	272	0	0	0	
287851	2267	280	1156	1023	272	0	0	0	
287860	2267	280	1156	1023	272	0	0	2160	
287872	2267	280	1162	1030	274	0	0	2160	
287874	2267	280	1157	1023	272	0	0	2160	
287878	2267	280	1006	874	234	0	0	0	
287880	2267	280	1004	871	234	0	0	0	
287885	2267	280	1009	880	235	0	0	0	
