Threshold= 0.0 RefRun= 271961  AnalazedRun=  290380:
5	-41	3
5	-41	7
5	-41	11
5	-41	15
5	-41	19
5	-41	23
5	-41	27
5	-41	31
5	-41	35
5	-41	39
5	-41	43
5	-41	47
5	-41	51
5	-41	55
5	-41	59
5	-41	63
5	-41	67
5	-41	71
5	-40	3
5	-40	7
5	-40	11
5	-40	15
5	-40	19
5	-40	23
5	-40	27
5	-40	31
5	-40	35
5	-40	39
5	-40	43
5	-40	47
5	-40	51
5	-40	55
5	-40	59
5	-40	63
5	-40	67
5	-40	71
5	-39	1
5	-39	3
5	-39	5
5	-39	7
5	-39	9
5	-39	11
5	-39	13
5	-39	15
5	-39	17
5	-39	19
5	-39	21
5	-39	23
5	-39	25
5	-39	27
5	-39	29
5	-39	31
5	-39	33
5	-39	35
5	-39	37
5	-39	39
5	-39	41
5	-39	43
5	-39	45
5	-39	47
5	-39	49
5	-39	51
5	-39	53
5	-39	55
5	-39	57
5	-39	59
5	-39	61
5	-39	63
5	-39	65
5	-39	67
5	-39	69
5	-39	71
5	-38	1
5	-38	3
5	-38	5
5	-38	7
5	-38	9
5	-38	11
5	-38	13
5	-38	15
5	-38	17
5	-38	19
5	-38	21
5	-38	23
5	-38	25
5	-38	27
5	-38	29
5	-38	31
5	-38	33
5	-38	35
5	-38	37
5	-38	39
5	-38	41
5	-38	43
5	-38	45
5	-38	47
5	-38	49
5	-38	51
5	-38	53
5	-38	55
5	-38	57
5	-38	59
5	-38	61
5	-38	63
5	-38	65
5	-38	67
5	-38	69
5	-38	71
5	-37	1
5	-37	3
5	-37	5
5	-37	7
5	-37	9
5	-37	11
5	-37	13
5	-37	15
5	-37	17
5	-37	19
5	-37	21
5	-37	23
5	-37	25
5	-37	27
5	-37	29
5	-37	31
5	-37	33
5	-37	35
5	-37	37
5	-37	39
5	-37	41
5	-37	43
5	-37	45
5	-37	47
5	-37	49
5	-37	51
5	-37	53
5	-37	55
5	-37	57
5	-37	59
5	-37	61
5	-37	63
5	-37	65
5	-37	67
5	-37	69
5	-37	71
5	-36	1
5	-36	3
5	-36	5
5	-36	7
5	-36	9
5	-36	11
5	-36	13
5	-36	15
5	-36	17
5	-36	19
5	-36	21
5	-36	23
5	-36	25
5	-36	27
5	-36	29
5	-36	31
5	-36	33
5	-36	35
5	-36	37
5	-36	39
5	-36	41
5	-36	43
5	-36	45
5	-36	47
5	-36	49
5	-36	51
5	-36	53
5	-36	55
5	-36	57
5	-36	59
5	-36	61
5	-36	63
5	-36	65
5	-36	67
5	-36	69
5	-36	71
5	-35	1
5	-35	3
5	-35	5
5	-35	7
5	-35	9
5	-35	11
5	-35	13
5	-35	15
5	-35	17
5	-35	19
5	-35	21
5	-35	23
5	-35	25
5	-35	27
5	-35	29
5	-35	31
5	-35	33
5	-35	35
5	-35	37
5	-35	39
5	-35	41
5	-35	43
5	-35	45
5	-35	47
5	-35	49
5	-35	51
5	-35	53
5	-35	55
5	-35	57
5	-35	59
5	-35	61
5	-35	63
5	-35	65
5	-35	67
5	-35	69
5	-35	71
5	-34	1
5	-34	3
5	-34	5
5	-34	7
5	-34	9
5	-34	11
5	-34	13
5	-34	15
5	-34	17
5	-34	19
5	-34	21
5	-34	23
5	-34	25
5	-34	27
5	-34	29
5	-34	31
5	-34	33
5	-34	35
5	-34	37
5	-34	39
5	-34	41
5	-34	43
5	-34	45
5	-34	47
5	-34	49
5	-34	51
5	-34	53
5	-34	55
5	-34	57
5	-34	59
5	-34	61
5	-34	63
5	-34	65
5	-34	67
5	-34	69
5	-34	71
5	-33	1
5	-33	3
5	-33	5
5	-33	7
5	-33	9
5	-33	11
5	-33	13
5	-33	15
5	-33	17
5	-33	19
5	-33	21
5	-33	23
5	-33	25
5	-33	27
5	-33	29
5	-33	31
5	-33	33
5	-33	35
5	-33	37
5	-33	39
5	-33	41
5	-33	43
5	-33	45
5	-33	47
5	-33	49
5	-33	51
5	-33	53
5	-33	55
5	-33	57
5	-33	59
5	-33	61
5	-33	63
5	-33	65
5	-33	67
5	-33	69
5	-33	71
5	-32	1
5	-32	3
5	-32	5
5	-32	7
5	-32	9
5	-32	11
5	-32	13
5	-32	15
5	-32	17
5	-32	19
5	-32	21
5	-32	23
5	-32	25
5	-32	27
5	-32	29
5	-32	31
5	-32	33
5	-32	35
5	-32	37
5	-32	39
5	-32	41
5	-32	43
5	-32	45
5	-32	47
5	-32	49
5	-32	51
5	-32	53
5	-32	55
5	-32	57
5	-32	59
5	-32	61
5	-32	63
5	-32	65
5	-32	67
5	-32	69
5	-32	71
5	-31	1
5	-31	3
5	-31	5
5	-31	7
5	-31	9
5	-31	11
5	-31	13
5	-31	15
5	-31	17
5	-31	19
5	-31	21
5	-31	23
5	-31	25
5	-31	27
5	-31	29
5	-31	31
5	-31	33
5	-31	35
5	-31	37
5	-31	39
5	-31	41
5	-31	43
5	-31	45
5	-31	47
5	-31	49
5	-31	51
5	-31	53
5	-31	55
5	-31	57
5	-31	59
5	-31	61
5	-31	63
5	-31	65
5	-31	67
5	-31	69
5	-31	71
5	-30	1
5	-30	3
5	-30	5
5	-30	7
5	-30	9
5	-30	11
5	-30	13
5	-30	15
5	-30	17
5	-30	19
5	-30	21
5	-30	23
5	-30	25
5	-30	27
5	-30	29
5	-30	31
5	-30	33
5	-30	35
5	-30	37
5	-30	39
5	-30	41
5	-30	43
5	-30	45
5	-30	47
5	-30	49
5	-30	51
5	-30	53
5	-30	55
5	-30	57
5	-30	59
5	-30	61
5	-30	63
5	-30	65
5	-30	67
5	-30	69
5	-30	71
5	-29	1
5	-29	3
5	-29	5
5	-29	7
5	-29	9
5	-29	11
5	-29	13
5	-29	15
5	-29	17
5	-29	19
5	-29	21
5	-29	23
5	-29	25
5	-29	27
5	-29	29
5	-29	31
5	-29	33
5	-29	35
5	-29	37
5	-29	39
5	-29	41
5	-29	43
5	-29	45
5	-29	47
5	-29	49
5	-29	51
5	-29	53
5	-29	55
5	-29	57
5	-29	59
5	-29	61
5	-29	63
5	-29	65
5	-29	67
5	-29	69
5	-29	71
5	29	1
5	29	3
5	29	5
5	29	7
5	29	9
5	29	11
5	29	13
5	29	15
5	29	17
5	29	19
5	29	21
5	29	23
5	29	25
5	29	27
5	29	29
5	29	31
5	29	33
5	29	35
5	29	37
5	29	39
5	29	41
5	29	43
5	29	45
5	29	47
5	29	49
5	29	51
5	29	53
5	29	55
5	29	57
5	29	59
5	29	61
5	29	63
5	29	65
5	29	67
5	29	69
5	29	71
5	30	1
5	30	3
5	30	5
5	30	7
5	30	9
5	30	11
5	30	13
5	30	15
5	30	17
5	30	19
5	30	21
5	30	23
5	30	25
5	30	27
5	30	29
5	30	31
5	30	33
5	30	35
5	30	37
5	30	39
5	30	41
5	30	43
5	30	45
5	30	47
5	30	49
5	30	51
5	30	53
5	30	55
5	30	57
5	30	59
5	30	61
5	30	63
5	30	65
5	30	67
5	30	69
5	30	71
5	31	1
5	31	3
5	31	5
5	31	7
5	31	9
5	31	11
5	31	13
5	31	15
5	31	17
5	31	19
5	31	21
5	31	23
5	31	25
5	31	27
5	31	29
5	31	31
5	31	33
5	31	35
5	31	37
5	31	39
5	31	41
5	31	43
5	31	45
5	31	47
5	31	49
5	31	51
5	31	53
5	31	55
5	31	57
5	31	59
5	31	61
5	31	63
5	31	65
5	31	67
5	31	69
5	31	71
5	32	1
5	32	3
5	32	5
5	32	7
5	32	9
5	32	11
5	32	13
5	32	15
5	32	17
5	32	19
5	32	21
5	32	23
5	32	25
5	32	27
5	32	29
5	32	31
5	32	33
5	32	35
5	32	37
5	32	39
5	32	41
5	32	43
5	32	45
5	32	47
5	32	49
5	32	51
5	32	53
5	32	55
5	32	57
5	32	59
5	32	61
5	32	63
5	32	65
5	32	67
5	32	69
5	32	71
5	33	1
5	33	3
5	33	5
5	33	7
5	33	9
5	33	11
5	33	13
5	33	15
5	33	17
5	33	19
5	33	21
5	33	23
5	33	25
5	33	27
5	33	29
5	33	31
5	33	33
5	33	35
5	33	37
5	33	39
5	33	41
5	33	43
5	33	45
5	33	47
5	33	49
5	33	51
5	33	53
5	33	55
5	33	57
5	33	59
5	33	61
5	33	63
5	33	65
5	33	67
5	33	69
5	33	71
5	34	1
5	34	3
5	34	5
5	34	7
5	34	9
5	34	11
5	34	13
5	34	15
5	34	17
5	34	19
5	34	21
5	34	23
5	34	25
5	34	27
5	34	29
5	34	31
5	34	33
5	34	35
5	34	37
5	34	39
5	34	41
5	34	43
5	34	45
5	34	47
5	34	49
5	34	51
5	34	53
5	34	55
5	34	57
5	34	59
5	34	61
5	34	63
5	34	65
5	34	67
5	34	69
5	34	71
5	35	1
5	35	3
5	35	5
5	35	7
5	35	9
5	35	11
5	35	13
5	35	15
5	35	17
5	35	19
5	35	21
5	35	23
5	35	25
5	35	27
5	35	29
5	35	31
5	35	33
5	35	35
5	35	37
5	35	39
5	35	41
5	35	43
5	35	45
5	35	47
5	35	49
5	35	51
5	35	53
5	35	55
5	35	57
5	35	59
5	35	61
5	35	63
5	35	65
5	35	67
5	35	69
5	35	71
5	36	1
5	36	3
5	36	5
5	36	7
5	36	9
5	36	11
5	36	13
5	36	15
5	36	17
5	36	19
5	36	21
5	36	23
5	36	25
5	36	27
5	36	29
5	36	31
5	36	33
5	36	35
5	36	37
5	36	39
5	36	41
5	36	43
5	36	45
5	36	47
5	36	49
5	36	51
5	36	53
5	36	55
5	36	57
5	36	59
5	36	61
5	36	63
5	36	65
5	36	67
5	36	69
5	36	71
5	37	1
5	37	3
5	37	5
5	37	7
5	37	9
5	37	11
5	37	13
5	37	15
5	37	17
5	37	19
5	37	21
5	37	23
5	37	25
5	37	27
5	37	29
5	37	31
5	37	33
5	37	35
5	37	37
5	37	39
5	37	41
5	37	43
5	37	45
5	37	47
5	37	49
5	37	51
5	37	53
5	37	55
5	37	57
5	37	59
5	37	61
5	37	63
5	37	65
5	37	67
5	37	69
5	37	71
5	38	1
5	38	3
5	38	5
5	38	7
5	38	9
5	38	11
5	38	13
5	38	15
5	38	17
5	38	19
5	38	21
5	38	23
5	38	25
5	38	27
5	38	29
5	38	31
5	38	33
5	38	35
5	38	37
5	38	39
5	38	41
5	38	43
5	38	45
5	38	47
5	38	49
5	38	51
5	38	53
5	38	55
5	38	57
5	38	59
5	38	61
5	38	63
5	38	65
5	38	67
5	38	69
5	38	71
5	39	1
5	39	3
5	39	5
5	39	7
5	39	9
5	39	11
5	39	13
5	39	15
5	39	17
5	39	19
5	39	21
5	39	23
5	39	25
5	39	27
5	39	29
5	39	31
5	39	33
5	39	35
5	39	37
5	39	39
5	39	41
5	39	43
5	39	45
5	39	47
5	39	49
5	39	51
5	39	53
5	39	55
5	39	57
5	39	59
5	39	61
5	39	63
5	39	65
5	39	67
5	39	69
5	39	71
5	40	3
5	40	7
5	40	11
5	40	15
5	40	19
5	40	23
5	40	27
5	40	31
5	40	35
5	40	39
5	40	43
5	40	47
5	40	51
5	40	55
5	40	59
5	40	63
5	40	67
5	40	71
5	41	3
5	41	7
5	41	11
5	41	15
5	41	19
5	41	23
5	41	27
5	41	31
5	41	35
5	41	39
5	41	43
5	41	47
5	41	51
5	41	55
5	41	59
5	41	63
5	41	67
5	41	71
6	-41	3
6	-41	7
6	-41	11
6	-41	15
6	-41	19
6	-41	23
6	-41	27
6	-41	31
6	-41	35
6	-41	39
6	-41	43
6	-41	47
6	-41	51
6	-41	55
6	-41	59
6	-41	63
6	-41	67
6	-41	71
6	-40	3
6	-40	7
6	-40	11
6	-40	15
6	-40	19
6	-40	23
6	-40	27
6	-40	31
6	-40	35
6	-40	39
6	-40	43
6	-40	47
6	-40	51
6	-40	55
6	-40	59
6	-40	63
6	-40	67
6	-40	71
6	-39	1
6	-39	3
6	-39	5
6	-39	7
6	-39	9
6	-39	11
6	-39	13
6	-39	15
6	-39	17
6	-39	19
6	-39	21
6	-39	23
6	-39	25
6	-39	27
6	-39	29
6	-39	31
6	-39	33
6	-39	35
6	-39	37
6	-39	39
6	-39	41
6	-39	43
6	-39	45
6	-39	47
6	-39	49
6	-39	51
6	-39	53
6	-39	55
6	-39	57
6	-39	59
6	-39	61
6	-39	63
6	-39	65
6	-39	67
6	-39	69
6	-39	71
6	-38	1
6	-38	3
6	-38	5
6	-38	7
6	-38	9
6	-38	11
6	-38	13
6	-38	15
6	-38	17
6	-38	19
6	-38	21
6	-38	23
6	-38	25
6	-38	27
6	-38	29
6	-38	31
6	-38	33
6	-38	35
6	-38	37
6	-38	39
6	-38	41
6	-38	43
6	-38	45
6	-38	47
6	-38	49
6	-38	51
6	-38	53
6	-38	55
6	-38	57
6	-38	59
6	-38	61
6	-38	63
6	-38	65
6	-38	67
6	-38	69
6	-38	71
6	-37	1
6	-37	3
6	-37	5
6	-37	7
6	-37	9
6	-37	11
6	-37	13
6	-37	15
6	-37	17
6	-37	19
6	-37	21
6	-37	23
6	-37	25
6	-37	27
6	-37	29
6	-37	31
6	-37	33
6	-37	35
6	-37	37
6	-37	39
6	-37	41
6	-37	43
6	-37	45
6	-37	47
6	-37	49
6	-37	51
6	-37	53
6	-37	55
6	-37	57
6	-37	59
6	-37	61
6	-37	63
6	-37	65
6	-37	67
6	-37	69
6	-37	71
6	-36	1
6	-36	3
6	-36	5
6	-36	7
6	-36	9
6	-36	11
6	-36	13
6	-36	15
6	-36	17
6	-36	19
6	-36	21
6	-36	23
6	-36	25
6	-36	27
6	-36	29
6	-36	31
6	-36	33
6	-36	35
6	-36	37
6	-36	39
6	-36	41
6	-36	43
6	-36	45
6	-36	47
6	-36	49
6	-36	51
6	-36	53
6	-36	55
6	-36	57
6	-36	59
6	-36	61
6	-36	63
6	-36	65
6	-36	67
6	-36	69
6	-36	71
6	-35	1
6	-35	3
6	-35	5
6	-35	7
6	-35	9
6	-35	11
6	-35	13
6	-35	15
6	-35	17
6	-35	19
6	-35	21
6	-35	23
6	-35	25
6	-35	27
6	-35	29
6	-35	31
6	-35	33
6	-35	35
6	-35	37
6	-35	39
6	-35	41
6	-35	43
6	-35	45
6	-35	47
6	-35	49
6	-35	51
6	-35	53
6	-35	55
6	-35	57
6	-35	59
6	-35	61
6	-35	63
6	-35	65
6	-35	67
6	-35	69
6	-35	71
6	-34	1
6	-34	3
6	-34	5
6	-34	7
6	-34	9
6	-34	11
6	-34	13
6	-34	15
6	-34	17
6	-34	19
6	-34	21
6	-34	23
6	-34	25
6	-34	27
6	-34	29
6	-34	31
6	-34	33
6	-34	35
6	-34	37
6	-34	39
6	-34	41
6	-34	43
6	-34	45
6	-34	47
6	-34	49
6	-34	51
6	-34	53
6	-34	55
6	-34	57
6	-34	59
6	-34	61
6	-34	63
6	-34	65
6	-34	67
6	-34	69
6	-34	71
6	-33	1
6	-33	3
6	-33	5
6	-33	7
6	-33	9
6	-33	11
6	-33	13
6	-33	15
6	-33	17
6	-33	19
6	-33	21
6	-33	23
6	-33	25
6	-33	27
6	-33	29
6	-33	31
6	-33	33
6	-33	35
6	-33	37
6	-33	39
6	-33	41
6	-33	43
6	-33	45
6	-33	47
6	-33	49
6	-33	51
6	-33	53
6	-33	55
6	-33	57
6	-33	59
6	-33	61
6	-33	63
6	-33	65
6	-33	67
6	-33	69
6	-33	71
6	-32	1
6	-32	3
6	-32	5
6	-32	7
6	-32	9
6	-32	11
6	-32	13
6	-32	15
6	-32	17
6	-32	19
6	-32	21
6	-32	23
6	-32	25
6	-32	27
6	-32	29
6	-32	31
6	-32	33
6	-32	35
6	-32	37
6	-32	39
6	-32	41
6	-32	43
6	-32	45
6	-32	47
6	-32	49
6	-32	51
6	-32	53
6	-32	55
6	-32	57
6	-32	59
6	-32	61
6	-32	63
6	-32	65
6	-32	67
6	-32	69
6	-32	71
6	-31	1
6	-31	3
6	-31	5
6	-31	7
6	-31	9
6	-31	11
6	-31	13
6	-31	15
6	-31	17
6	-31	19
6	-31	21
6	-31	23
6	-31	25
6	-31	27
6	-31	29
6	-31	31
6	-31	33
6	-31	35
6	-31	37
6	-31	39
6	-31	41
6	-31	43
6	-31	45
6	-31	47
6	-31	49
6	-31	51
6	-31	53
6	-31	55
6	-31	57
6	-31	59
6	-31	61
6	-31	63
6	-31	65
6	-31	67
6	-31	69
6	-31	71
6	-30	1
6	-30	3
6	-30	5
6	-30	7
6	-30	9
6	-30	11
6	-30	13
6	-30	15
6	-30	17
6	-30	19
6	-30	21
6	-30	23
6	-30	25
6	-30	27
6	-30	29
6	-30	31
6	-30	33
6	-30	35
6	-30	37
6	-30	39
6	-30	41
6	-30	43
6	-30	45
6	-30	47
6	-30	49
6	-30	51
6	-30	53
6	-30	55
6	-30	57
6	-30	59
6	-30	61
6	-30	63
6	-30	65
6	-30	67
6	-30	69
6	-30	71
6	-29	1
6	-29	3
6	-29	5
6	-29	7
6	-29	9
6	-29	11
6	-29	13
6	-29	15
6	-29	17
6	-29	19
6	-29	21
6	-29	23
6	-29	25
6	-29	27
6	-29	29
6	-29	31
6	-29	33
6	-29	35
6	-29	37
6	-29	39
6	-29	41
6	-29	43
6	-29	45
6	-29	47
6	-29	49
6	-29	51
6	-29	53
6	-29	55
6	-29	57
6	-29	59
6	-29	61
6	-29	63
6	-29	65
6	-29	67
6	-29	69
6	-29	71
6	29	1
6	29	3
6	29	5
6	29	7
6	29	9
6	29	11
6	29	13
6	29	15
6	29	17
6	29	19
6	29	21
6	29	23
6	29	25
6	29	27
6	29	29
6	29	31
6	29	33
6	29	35
6	29	37
6	29	39
6	29	41
6	29	43
6	29	45
6	29	47
6	29	49
6	29	51
6	29	53
6	29	55
6	29	57
6	29	59
6	29	61
6	29	63
6	29	65
6	29	67
6	29	69
6	29	71
6	30	1
6	30	3
6	30	5
6	30	7
6	30	9
6	30	11
6	30	13
6	30	15
6	30	17
6	30	19
6	30	21
6	30	23
6	30	25
6	30	27
6	30	29
6	30	31
6	30	33
6	30	35
6	30	37
6	30	39
6	30	41
6	30	43
6	30	45
6	30	47
6	30	49
6	30	51
6	30	53
6	30	55
6	30	57
6	30	59
6	30	61
6	30	63
6	30	65
6	30	67
6	30	69
6	30	71
6	31	1
6	31	3
6	31	5
6	31	7
6	31	9
6	31	11
6	31	13
6	31	15
6	31	17
6	31	19
6	31	21
6	31	23
6	31	25
6	31	27
6	31	29
6	31	31
6	31	33
6	31	35
6	31	37
6	31	39
6	31	41
6	31	43
6	31	45
6	31	47
6	31	49
6	31	51
6	31	53
6	31	55
6	31	57
6	31	59
6	31	61
6	31	63
6	31	65
6	31	67
6	31	69
6	31	71
6	32	1
6	32	3
6	32	5
6	32	7
6	32	9
6	32	11
6	32	13
6	32	15
6	32	17
6	32	19
6	32	21
6	32	23
6	32	25
6	32	27
6	32	29
6	32	31
6	32	33
6	32	35
6	32	37
6	32	39
6	32	41
6	32	43
6	32	45
6	32	47
6	32	49
6	32	51
6	32	53
6	32	55
6	32	57
6	32	59
6	32	61
6	32	63
6	32	65
6	32	67
6	32	69
6	32	71
6	33	1
6	33	3
6	33	5
6	33	7
6	33	9
6	33	11
6	33	13
6	33	15
6	33	17
6	33	19
6	33	21
6	33	23
6	33	25
6	33	27
6	33	29
6	33	31
6	33	33
6	33	35
6	33	37
6	33	39
6	33	41
6	33	43
6	33	45
6	33	47
6	33	49
6	33	51
6	33	53
6	33	55
6	33	57
6	33	59
6	33	61
6	33	63
6	33	65
6	33	67
6	33	69
6	33	71
6	34	1
6	34	3
6	34	5
6	34	7
6	34	9
6	34	11
6	34	13
6	34	15
6	34	17
6	34	19
6	34	21
6	34	23
6	34	25
6	34	27
6	34	29
6	34	31
6	34	33
6	34	35
6	34	37
6	34	39
6	34	41
6	34	43
6	34	45
6	34	47
6	34	49
6	34	51
6	34	53
6	34	55
6	34	57
6	34	59
6	34	61
6	34	63
6	34	65
6	34	67
6	34	69
6	34	71
6	35	1
6	35	3
6	35	5
6	35	7
6	35	9
6	35	11
6	35	13
6	35	15
6	35	17
6	35	19
6	35	21
6	35	23
6	35	25
6	35	27
6	35	29
6	35	31
6	35	33
6	35	35
6	35	37
6	35	39
6	35	41
6	35	43
6	35	45
6	35	47
6	35	49
6	35	51
6	35	53
6	35	55
6	35	57
6	35	59
6	35	61
6	35	63
6	35	65
6	35	67
6	35	69
6	35	71
6	36	1
6	36	3
6	36	5
6	36	7
6	36	9
6	36	11
6	36	13
6	36	15
6	36	17
6	36	19
6	36	21
6	36	23
6	36	25
6	36	27
6	36	29
6	36	31
6	36	33
6	36	35
6	36	37
6	36	39
6	36	41
6	36	43
6	36	45
6	36	47
6	36	49
6	36	51
6	36	53
6	36	55
6	36	57
6	36	59
6	36	61
6	36	63
6	36	65
6	36	67
6	36	69
6	36	71
6	37	1
6	37	3
6	37	5
6	37	7
6	37	9
6	37	11
6	37	13
6	37	15
6	37	17
6	37	19
6	37	21
6	37	23
6	37	25
6	37	27
6	37	29
6	37	31
6	37	33
6	37	35
6	37	37
6	37	39
6	37	41
6	37	43
6	37	45
6	37	47
6	37	49
6	37	51
6	37	53
6	37	55
6	37	57
6	37	59
6	37	61
6	37	63
6	37	65
6	37	67
6	37	69
6	37	71
6	38	1
6	38	3
6	38	5
6	38	7
6	38	9
6	38	11
6	38	13
6	38	15
6	38	17
6	38	19
6	38	21
6	38	23
6	38	25
6	38	27
6	38	29
6	38	31
6	38	33
6	38	35
6	38	37
6	38	39
6	38	41
6	38	43
6	38	45
6	38	47
6	38	49
6	38	51
6	38	53
6	38	55
6	38	57
6	38	59
6	38	61
6	38	63
6	38	65
6	38	67
6	38	69
6	38	71
6	39	1
6	39	3
6	39	5
6	39	7
6	39	9
6	39	11
6	39	13
6	39	15
6	39	17
6	39	19
6	39	21
6	39	23
6	39	25
6	39	27
6	39	29
6	39	31
6	39	33
6	39	35
6	39	37
6	39	39
6	39	41
6	39	43
6	39	45
6	39	47
6	39	49
6	39	51
6	39	53
6	39	55
6	39	57
6	39	59
6	39	61
6	39	63
6	39	65
6	39	67
6	39	69
6	39	71
6	40	3
6	40	7
6	40	11
6	40	15
6	40	19
6	40	23
6	40	27
6	40	31
6	40	35
6	40	39
6	40	43
6	40	47
6	40	51
6	40	55
6	40	59
6	40	63
6	40	67
6	40	71
6	41	3
6	41	7
6	41	11
6	41	15
6	41	19
6	41	23
6	41	27
6	41	31
6	41	35
6	41	39
6	41	43
6	41	47
6	41	51
6	41	55
6	41	59
6	41	63
6	41	67
6	41	71
