0	17	59
0	17	60
0	17	61
0	17	62
0	18	59
0	18	60
0	18	61
0	18	62
0	19	59
0	19	60
0	19	61
0	19	62
0	20	59
0	20	60
0	20	61
0	20	62
0	21	59
0	21	61
0	22	59
0	22	61
0	23	59
0	23	61
0	24	59
0	24	61
0	25	59
0	25	61
0	26	59
0	26	61
0	27	59
0	27	61
0	28	59
0	28	61
0	29	59
0	29	61
0	18	64
0	18	65
0	18	66
0	18	67
0	19	64
0	19	65
0	19	66
0	19	67
0	20	64
0	20	65
0	20	66
0	20	67
0	21	64
0	21	66
0	22	64
0	22	66
0	23	64
0	23	66
0	24	64
0	24	66
0	25	64
0	25	66
0	26	64
0	26	66
0	27	64
0	27	66
0	28	64
0	28	66
0	29	64
0	29	66
1	18	59
1	18	60
1	18	61
1	18	62
1	19	59
1	19	60
1	19	61
1	19	62
1	20	59
1	20	60
1	20	61
1	20	62
1	21	59
1	21	61
1	22	59
1	22	61
1	23	59
1	23	61
1	24	59
1	24	61
1	25	59
1	25	61
1	26	59
1	26	61
1	27	59
1	27	61
1	28	59
1	28	61
1	29	59
1	29	61
1	17	64
1	17	65
1	17	66
1	17	67
1	18	64
1	18	65
1	18	66
1	18	67
1	19	64
1	19	65
1	19	66
1	19	67
1	20	64
1	20	65
1	20	66
1	20	67
1	21	64
1	21	66
1	22	64
1	22	66
1	23	64
1	23	66
1	24	64
1	24	66
1	25	64
1	25	66
1	26	64
1	26	66
1	27	64
1	27	66
1	28	64
1	28	66
1	29	64
1	29	66
2	16	59
2	16	60
2	16	61
2	16	62
2	17	64
2	17	65
2	17	66
2	17	67
2	18	64
2	18	65
2	18	66
2	18	67
2	19	64
2	19	65
2	19	66
2	19	67
2	20	64
2	20	65
2	20	66
2	20	67
2	21	64
2	21	66
2	22	64
2	22	66
2	23	64
2	23	66
2	24	64
2	24	66
2	25	64
2	25	66
2	26	64
2	26	66
2	27	59
2	27	61
2	27	64
2	27	66
2	28	59
2	28	61
2	28	64
2	28	66
2	29	64
2	29	66
3	16	64
3	16	65
3	16	66
3	16	67
3	18	64
3	18	65
3	18	66
3	18	67
3	19	64
3	19	65
3	19	66
3	19	67
3	20	64
3	20	65
3	20	66
3	20	67
3	21	64
3	21	66
3	22	64
3	22	66
3	23	64
3	23	66
3	24	64
3	24	66
3	25	64
3	25	66
3	26	64
3	26	66
3	27	64
3	27	66
3	28	64
3	28	66
4	18	64
4	18	65
4	18	66
4	18	67
4	19	64
4	19	65
4	19	66
4	19	67
4	20	64
4	20	65
4	20	66
4	20	67
4	21	64
4	21	66
4	22	64
4	22	66
4	23	64
4	23	66
4	24	64
4	24	66
4	25	64
4	25	66
4	26	64
4	26	66
4	27	64
4	27	66
4	28	64
4	28	66
5	19	64
5	19	65
5	19	66
5	19	67
5	20	64
5	20	65
5	20	66
5	20	67
5	21	64
5	21	66
5	22	64
5	22	66
5	23	64
5	23	66
5	24	64
5	24	66
5	25	64
5	25	66
5	26	64
5	26	66
5	27	64
5	27	66
5	28	64
5	28	66
6	26	64
6	26	66
6	27	64
6	27	66
6	28	64
6	28	66
