Threshold= 0.05 RefRun= 271961  AnalazedRun=  283111:
2	29	1
2	29	3
2	29	5
2	29	7
2	29	9
2	29	11
2	29	13
2	29	15
2	29	17
2	29	19
2	29	21
2	29	23
2	29	25
2	29	27
2	29	29
2	29	31
2	29	33
2	29	35
2	29	37
2	29	39
2	29	41
2	29	43
2	29	45
2	29	47
2	29	49
2	29	51
2	29	53
2	29	55
2	29	57
2	29	59
2	29	61
2	29	63
2	29	65
2	29	67
2	29	69
2	29	71
2	29	73

2	28	1
2	28	3
2	28	5
2	28	7
2	28	9
2	28	11
2	28	13
2	28	15
2	28	17
2	28	19
2	28	21
2	28	23
2	28	25
2	28	27
2	28	29
2	28	31
2	28	33
2	28	35
2	28	37
2	28	39
2	28	41
2	28	43
2	28	45
2	28	47
2	28	49
2	28	51
2	28	53
2	28	55
2	28	57
2	28	59
2	28	61
2	28	63
2	28	65
2	28	67
2	28	69
2	28	71
2	28	73

2	27	1
2	27	3
2	27	5
2	27	7
2	27	9
2	27	11
2	27	13
2	27	15
2	27	17
2	27	19
2	27	21
2	27	23
2	27	25
2	27	27
2	27	29
2	27	31
2	27	33
2	27	35
2	27	37
2	27	39
2	27	41
2	27	43
2	27	45
2	27	47
2	27	49
2	27	51
2	27	53
2	27	55
2	27	57
2	27	59
2	27	61
2	27	63
2	27	65
2	27	67
2	27	69
2	27	71
2	27	73

2	26	1
2	26	3
2	26	5
2	26	7
2	26	9
2	26	11
2	26	13
2	26	15
2	26	17
2	26	19
2	26	21
2	26	23
2	26	25
2	26	27
2	26	29
2	26	31
2	26	33
2	26	35
2	26	37
2	26	39
2	26	41
2	26	43
2	26	45
2	26	47
2	26	49
2	26	51
2	26	53
2	26	55
2	26	57
2	26	59
2	26	61
2	26	63
2	26	65
2	26	67
2	26	69
2	26	71
2	26	73
