Threshold= 0.0 RefRun= 271961  AnalazedRun=  290380:
7	-15	1
7	-15	2
7	-15	3
7	-15	4
7	-15	5
7	-15	6
7	-15	7
7	-15	8
7	-15	9
7	-15	10
7	-15	11
7	-15	12
7	-15	13
7	-15	14
7	-15	15
7	-15	16
7	-15	17
7	-15	18
7	-15	19
7	-15	20
7	-15	21
7	-15	22
7	-15	23
7	-15	24
7	-15	25
7	-15	26
7	-15	27
7	-15	28
7	-15	29
7	-15	30
7	-15	31
7	-15	32
7	-15	33
7	-15	34
7	-15	35
7	-15	36
7	-15	37
7	-15	38
7	-15	39
7	-15	40
7	-15	41
7	-15	42
7	-15	43
7	-15	44
7	-15	45
7	-15	46
7	-15	47
7	-15	48
7	-15	49
7	-15	50
7	-15	51
7	-15	52
7	-15	53
7	-15	54
7	-15	55
7	-15	56
7	-15	57
7	-15	58
7	-15	59
7	-15	60
7	-15	61
7	-15	62
7	-15	63
7	-15	64
7	-15	65
7	-15	66
7	-15	67
7	-15	68
7	-15	69
7	-15	70
7	-15	71
7	-15	72
7	-14	1
7	-14	2
7	-14	3
7	-14	4
7	-14	5
7	-14	6
7	-14	7
7	-14	8
7	-14	9
7	-14	10
7	-14	11
7	-14	12
7	-14	13
7	-14	14
7	-14	15
7	-14	16
7	-14	17
7	-14	18
7	-14	19
7	-14	20
7	-14	21
7	-14	22
7	-14	23
7	-14	24
7	-14	25
7	-14	26
7	-14	27
7	-14	28
7	-14	29
7	-14	30
7	-14	31
7	-14	32
7	-14	33
7	-14	34
7	-14	35
7	-14	36
7	-14	37
7	-14	38
7	-14	39
7	-14	40
7	-14	41
7	-14	42
7	-14	43
7	-14	44
7	-14	45
7	-14	46
7	-14	47
7	-14	48
7	-14	49
7	-14	50
7	-14	51
7	-14	52
7	-14	53
7	-14	54
7	-14	55
7	-14	56
7	-14	57
7	-14	58
7	-14	59
7	-14	60
7	-14	61
7	-14	62
7	-14	63
7	-14	64
7	-14	65
7	-14	66
7	-14	67
7	-14	68
7	-14	69
7	-14	70
7	-14	71
7	-14	72
7	-13	1
7	-13	2
7	-13	3
7	-13	4
7	-13	5
7	-13	6
7	-13	7
7	-13	8
7	-13	9
7	-13	10
7	-13	11
7	-13	12
7	-13	13
7	-13	14
7	-13	15
7	-13	16
7	-13	17
7	-13	18
7	-13	19
7	-13	20
7	-13	21
7	-13	22
7	-13	23
7	-13	24
7	-13	25
7	-13	26
7	-13	27
7	-13	28
7	-13	29
7	-13	30
7	-13	31
7	-13	32
7	-13	33
7	-13	34
7	-13	35
7	-13	36
7	-13	37
7	-13	38
7	-13	39
7	-13	40
7	-13	41
7	-13	42
7	-13	43
7	-13	44
7	-13	45
7	-13	46
7	-13	47
7	-13	48
7	-13	49
7	-13	50
7	-13	51
7	-13	52
7	-13	53
7	-13	54
7	-13	55
7	-13	56
7	-13	57
7	-13	58
7	-13	59
7	-13	60
7	-13	61
7	-13	62
7	-13	63
7	-13	64
7	-13	65
7	-13	66
7	-13	67
7	-13	68
7	-13	69
7	-13	70
7	-13	71
7	-13	72
7	-12	1
7	-12	2
7	-12	3
7	-12	4
7	-12	5
7	-12	6
7	-12	7
7	-12	8
7	-12	9
7	-12	10
7	-12	11
7	-12	12
7	-12	13
7	-12	14
7	-12	15
7	-12	16
7	-12	17
7	-12	18
7	-12	19
7	-12	20
7	-12	21
7	-12	22
7	-12	23
7	-12	24
7	-12	25
7	-12	26
7	-12	27
7	-12	28
7	-12	29
7	-12	30
7	-12	31
7	-12	32
7	-12	33
7	-12	34
7	-12	35
7	-12	36
7	-12	37
7	-12	38
7	-12	39
7	-12	40
7	-12	41
7	-12	42
7	-12	43
7	-12	44
7	-12	45
7	-12	46
7	-12	47
7	-12	48
7	-12	49
7	-12	50
7	-12	51
7	-12	52
7	-12	53
7	-12	54
7	-12	55
7	-12	56
7	-12	57
7	-12	58
7	-12	59
7	-12	60
7	-12	61
7	-12	62
7	-12	63
7	-12	64
7	-12	65
7	-12	66
7	-12	67
7	-12	68
7	-12	69
7	-12	70
7	-12	71
7	-12	72
7	-11	1
7	-11	2
7	-11	3
7	-11	4
7	-11	5
7	-11	6
7	-11	7
7	-11	8
7	-11	9
7	-11	10
7	-11	11
7	-11	12
7	-11	13
7	-11	14
7	-11	15
7	-11	16
7	-11	17
7	-11	18
7	-11	19
7	-11	20
7	-11	21
7	-11	22
7	-11	23
7	-11	24
7	-11	25
7	-11	26
7	-11	27
7	-11	28
7	-11	29
7	-11	30
7	-11	31
7	-11	32
7	-11	33
7	-11	34
7	-11	35
7	-11	36
7	-11	37
7	-11	38
7	-11	39
7	-11	40
7	-11	41
7	-11	42
7	-11	43
7	-11	44
7	-11	45
7	-11	46
7	-11	47
7	-11	48
7	-11	49
7	-11	50
7	-11	51
7	-11	52
7	-11	53
7	-11	54
7	-11	55
7	-11	56
7	-11	57
7	-11	58
7	-11	59
7	-11	60
7	-11	61
7	-11	62
7	-11	63
7	-11	64
7	-11	65
7	-11	66
7	-11	67
7	-11	68
7	-11	69
7	-11	70
7	-11	71
7	-11	72
7	-10	1
7	-10	2
7	-10	3
7	-10	4
7	-10	5
7	-10	6
7	-10	7
7	-10	8
7	-10	9
7	-10	10
7	-10	11
7	-10	12
7	-10	13
7	-10	14
7	-10	15
7	-10	16
7	-10	17
7	-10	18
7	-10	19
7	-10	20
7	-10	21
7	-10	22
7	-10	23
7	-10	24
7	-10	25
7	-10	26
7	-10	27
7	-10	28
7	-10	29
7	-10	30
7	-10	31
7	-10	32
7	-10	33
7	-10	34
7	-10	35
7	-10	36
7	-10	37
7	-10	38
7	-10	39
7	-10	40
7	-10	41
7	-10	42
7	-10	43
7	-10	44
7	-10	45
7	-10	46
7	-10	47
7	-10	48
7	-10	49
7	-10	50
7	-10	51
7	-10	52
7	-10	53
7	-10	54
7	-10	55
7	-10	56
7	-10	57
7	-10	58
7	-10	59
7	-10	60
7	-10	61
7	-10	62
7	-10	63
7	-10	64
7	-10	65
7	-10	66
7	-10	67
7	-10	68
7	-10	69
7	-10	70
7	-10	71
7	-10	72
7	-9	1
7	-9	2
7	-9	3
7	-9	4
7	-9	5
7	-9	6
7	-9	7
7	-9	8
7	-9	9
7	-9	10
7	-9	11
7	-9	12
7	-9	13
7	-9	14
7	-9	15
7	-9	16
7	-9	17
7	-9	18
7	-9	19
7	-9	20
7	-9	21
7	-9	22
7	-9	23
7	-9	24
7	-9	25
7	-9	26
7	-9	27
7	-9	28
7	-9	29
7	-9	30
7	-9	31
7	-9	32
7	-9	33
7	-9	34
7	-9	35
7	-9	36
7	-9	37
7	-9	38
7	-9	39
7	-9	40
7	-9	41
7	-9	42
7	-9	43
7	-9	44
7	-9	45
7	-9	46
7	-9	47
7	-9	48
7	-9	49
7	-9	50
7	-9	51
7	-9	52
7	-9	53
7	-9	54
7	-9	55
7	-9	56
7	-9	57
7	-9	58
7	-9	59
7	-9	60
7	-9	61
7	-9	62
7	-9	63
7	-9	64
7	-9	65
7	-9	66
7	-9	67
7	-9	68
7	-9	69
7	-9	70
7	-9	71
7	-9	72
7	-8	1
7	-8	2
7	-8	3
7	-8	4
7	-8	5
7	-8	6
7	-8	7
7	-8	8
7	-8	9
7	-8	10
7	-8	11
7	-8	12
7	-8	13
7	-8	14
7	-8	15
7	-8	16
7	-8	17
7	-8	18
7	-8	19
7	-8	20
7	-8	21
7	-8	22
7	-8	23
7	-8	24
7	-8	25
7	-8	26
7	-8	27
7	-8	28
7	-8	29
7	-8	30
7	-8	31
7	-8	32
7	-8	33
7	-8	34
7	-8	35
7	-8	36
7	-8	37
7	-8	38
7	-8	39
7	-8	40
7	-8	41
7	-8	42
7	-8	43
7	-8	44
7	-8	45
7	-8	46
7	-8	47
7	-8	48
7	-8	49
7	-8	50
7	-8	51
7	-8	52
7	-8	53
7	-8	54
7	-8	55
7	-8	56
7	-8	57
7	-8	58
7	-8	59
7	-8	60
7	-8	61
7	-8	62
7	-8	63
7	-8	64
7	-8	65
7	-8	66
7	-8	67
7	-8	68
7	-8	69
7	-8	70
7	-8	71
7	-8	72
7	-7	1
7	-7	2
7	-7	3
7	-7	4
7	-7	5
7	-7	6
7	-7	7
7	-7	8
7	-7	9
7	-7	10
7	-7	11
7	-7	12
7	-7	13
7	-7	14
7	-7	15
7	-7	16
7	-7	17
7	-7	18
7	-7	19
7	-7	20
7	-7	21
7	-7	22
7	-7	23
7	-7	24
7	-7	25
7	-7	26
7	-7	27
7	-7	28
7	-7	29
7	-7	30
7	-7	31
7	-7	32
7	-7	33
7	-7	34
7	-7	35
7	-7	36
7	-7	37
7	-7	38
7	-7	39
7	-7	40
7	-7	41
7	-7	42
7	-7	43
7	-7	44
7	-7	45
7	-7	46
7	-7	47
7	-7	48
7	-7	49
7	-7	50
7	-7	51
7	-7	52
7	-7	53
7	-7	54
7	-7	55
7	-7	56
7	-7	57
7	-7	58
7	-7	59
7	-7	60
7	-7	61
7	-7	62
7	-7	63
7	-7	64
7	-7	65
7	-7	66
7	-7	67
7	-7	68
7	-7	69
7	-7	70
7	-7	71
7	-7	72
7	-6	1
7	-6	2
7	-6	3
7	-6	4
7	-6	5
7	-6	6
7	-6	7
7	-6	8
7	-6	9
7	-6	10
7	-6	11
7	-6	12
7	-6	13
7	-6	14
7	-6	15
7	-6	16
7	-6	17
7	-6	18
7	-6	19
7	-6	20
7	-6	21
7	-6	22
7	-6	23
7	-6	24
7	-6	25
7	-6	26
7	-6	27
7	-6	28
7	-6	29
7	-6	30
7	-6	31
7	-6	32
7	-6	33
7	-6	34
7	-6	35
7	-6	36
7	-6	37
7	-6	38
7	-6	39
7	-6	40
7	-6	41
7	-6	42
7	-6	43
7	-6	44
7	-6	45
7	-6	46
7	-6	47
7	-6	48
7	-6	49
7	-6	50
7	-6	51
7	-6	52
7	-6	53
7	-6	54
7	-6	55
7	-6	56
7	-6	57
7	-6	58
7	-6	59
7	-6	60
7	-6	61
7	-6	62
7	-6	63
7	-6	64
7	-6	65
7	-6	66
7	-6	67
7	-6	68
7	-6	69
7	-6	70
7	-6	71
7	-6	72
7	-5	1
7	-5	2
7	-5	3
7	-5	4
7	-5	5
7	-5	6
7	-5	7
7	-5	8
7	-5	9
7	-5	10
7	-5	11
7	-5	12
7	-5	13
7	-5	14
7	-5	15
7	-5	16
7	-5	17
7	-5	18
7	-5	19
7	-5	20
7	-5	21
7	-5	22
7	-5	23
7	-5	24
7	-5	25
7	-5	26
7	-5	27
7	-5	28
7	-5	29
7	-5	30
7	-5	31
7	-5	32
7	-5	33
7	-5	34
7	-5	35
7	-5	36
7	-5	37
7	-5	38
7	-5	39
7	-5	40
7	-5	41
7	-5	42
7	-5	43
7	-5	44
7	-5	45
7	-5	46
7	-5	47
7	-5	48
7	-5	49
7	-5	50
7	-5	51
7	-5	52
7	-5	53
7	-5	54
7	-5	55
7	-5	56
7	-5	57
7	-5	58
7	-5	59
7	-5	60
7	-5	61
7	-5	62
7	-5	63
7	-5	64
7	-5	65
7	-5	66
7	-5	67
7	-5	68
7	-5	69
7	-5	70
7	-5	71
7	-5	72
7	-4	1
7	-4	2
7	-4	3
7	-4	4
7	-4	5
7	-4	6
7	-4	7
7	-4	8
7	-4	9
7	-4	10
7	-4	11
7	-4	12
7	-4	13
7	-4	14
7	-4	15
7	-4	16
7	-4	17
7	-4	18
7	-4	19
7	-4	20
7	-4	21
7	-4	22
7	-4	23
7	-4	24
7	-4	25
7	-4	26
7	-4	27
7	-4	28
7	-4	29
7	-4	30
7	-4	31
7	-4	32
7	-4	33
7	-4	34
7	-4	35
7	-4	36
7	-4	37
7	-4	38
7	-4	39
7	-4	40
7	-4	41
7	-4	42
7	-4	43
7	-4	44
7	-4	45
7	-4	46
7	-4	47
7	-4	48
7	-4	49
7	-4	50
7	-4	51
7	-4	52
7	-4	53
7	-4	54
7	-4	55
7	-4	56
7	-4	57
7	-4	58
7	-4	59
7	-4	60
7	-4	61
7	-4	62
7	-4	63
7	-4	64
7	-4	65
7	-4	66
7	-4	67
7	-4	68
7	-4	69
7	-4	70
7	-4	71
7	-4	72
7	-3	1
7	-3	2
7	-3	3
7	-3	4
7	-3	5
7	-3	6
7	-3	7
7	-3	8
7	-3	9
7	-3	10
7	-3	11
7	-3	12
7	-3	13
7	-3	14
7	-3	15
7	-3	16
7	-3	17
7	-3	18
7	-3	19
7	-3	20
7	-3	21
7	-3	22
7	-3	23
7	-3	24
7	-3	25
7	-3	26
7	-3	27
7	-3	28
7	-3	29
7	-3	30
7	-3	31
7	-3	32
7	-3	33
7	-3	34
7	-3	35
7	-3	36
7	-3	37
7	-3	38
7	-3	39
7	-3	40
7	-3	41
7	-3	42
7	-3	43
7	-3	44
7	-3	45
7	-3	46
7	-3	47
7	-3	48
7	-3	49
7	-3	50
7	-3	51
7	-3	52
7	-3	53
7	-3	54
7	-3	55
7	-3	56
7	-3	57
7	-3	58
7	-3	59
7	-3	60
7	-3	61
7	-3	62
7	-3	63
7	-3	64
7	-3	65
7	-3	66
7	-3	67
7	-3	68
7	-3	69
7	-3	70
7	-3	71
7	-3	72
7	-2	1
7	-2	2
7	-2	3
7	-2	4
7	-2	5
7	-2	6
7	-2	7
7	-2	8
7	-2	9
7	-2	10
7	-2	11
7	-2	12
7	-2	13
7	-2	14
7	-2	15
7	-2	16
7	-2	17
7	-2	18
7	-2	19
7	-2	20
7	-2	21
7	-2	22
7	-2	23
7	-2	24
7	-2	25
7	-2	26
7	-2	27
7	-2	28
7	-2	29
7	-2	30
7	-2	31
7	-2	32
7	-2	33
7	-2	34
7	-2	35
7	-2	36
7	-2	37
7	-2	38
7	-2	39
7	-2	40
7	-2	41
7	-2	42
7	-2	43
7	-2	44
7	-2	45
7	-2	46
7	-2	47
7	-2	48
7	-2	49
7	-2	50
7	-2	51
7	-2	52
7	-2	53
7	-2	54
7	-2	55
7	-2	56
7	-2	57
7	-2	58
7	-2	59
7	-2	60
7	-2	61
7	-2	62
7	-2	63
7	-2	64
7	-2	65
7	-2	66
7	-2	67
7	-2	68
7	-2	69
7	-2	70
7	-2	71
7	-2	72
7	-1	1
7	-1	2
7	-1	3
7	-1	4
7	-1	5
7	-1	6
7	-1	7
7	-1	8
7	-1	9
7	-1	10
7	-1	11
7	-1	12
7	-1	13
7	-1	14
7	-1	15
7	-1	16
7	-1	17
7	-1	18
7	-1	19
7	-1	20
7	-1	21
7	-1	22
7	-1	23
7	-1	24
7	-1	25
7	-1	26
7	-1	27
7	-1	28
7	-1	29
7	-1	30
7	-1	31
7	-1	32
7	-1	33
7	-1	34
7	-1	35
7	-1	36
7	-1	37
7	-1	38
7	-1	39
7	-1	40
7	-1	41
7	-1	42
7	-1	43
7	-1	44
7	-1	45
7	-1	46
7	-1	47
7	-1	48
7	-1	49
7	-1	50
7	-1	51
7	-1	52
7	-1	53
7	-1	54
7	-1	55
7	-1	56
7	-1	57
7	-1	58
7	-1	59
7	-1	60
7	-1	61
7	-1	62
7	-1	63
7	-1	64
7	-1	65
7	-1	66
7	-1	67
7	-1	68
7	-1	69
7	-1	70
7	-1	71
7	-1	72
7	1	1
7	1	2
7	1	3
7	1	4
7	1	5
7	1	6
7	1	7
7	1	8
7	1	9
7	1	10
7	1	11
7	1	12
7	1	13
7	1	14
7	1	15
7	1	16
7	1	17
7	1	18
7	1	19
7	1	20
7	1	21
7	1	22
7	1	23
7	1	24
7	1	25
7	1	26
7	1	27
7	1	28
7	1	29
7	1	30
7	1	31
7	1	32
7	1	33
7	1	34
7	1	35
7	1	36
7	1	37
7	1	38
7	1	39
7	1	40
7	1	41
7	1	42
7	1	43
7	1	44
7	1	45
7	1	46
7	1	47
7	1	48
7	1	49
7	1	50
7	1	51
7	1	52
7	1	53
7	1	54
7	1	55
7	1	56
7	1	57
7	1	58
7	1	59
7	1	60
7	1	61
7	1	62
7	1	63
7	1	64
7	1	65
7	1	66
7	1	67
7	1	68
7	1	69
7	1	70
7	1	71
7	1	72
7	2	1
7	2	2
7	2	3
7	2	4
7	2	5
7	2	6
7	2	7
7	2	8
7	2	9
7	2	10
7	2	11
7	2	12
7	2	13
7	2	14
7	2	15
7	2	16
7	2	17
7	2	18
7	2	19
7	2	20
7	2	21
7	2	22
7	2	23
7	2	24
7	2	25
7	2	26
7	2	27
7	2	28
7	2	29
7	2	30
7	2	31
7	2	32
7	2	33
7	2	34
7	2	35
7	2	36
7	2	37
7	2	38
7	2	39
7	2	40
7	2	41
7	2	42
7	2	43
7	2	44
7	2	45
7	2	46
7	2	47
7	2	48
7	2	49
7	2	50
7	2	51
7	2	52
7	2	53
7	2	54
7	2	55
7	2	56
7	2	57
7	2	58
7	2	59
7	2	60
7	2	61
7	2	62
7	2	63
7	2	64
7	2	65
7	2	66
7	2	67
7	2	68
7	2	69
7	2	70
7	2	71
7	2	72
7	3	1
7	3	2
7	3	3
7	3	4
7	3	5
7	3	6
7	3	7
7	3	8
7	3	9
7	3	10
7	3	11
7	3	12
7	3	13
7	3	14
7	3	15
7	3	16
7	3	17
7	3	18
7	3	19
7	3	20
7	3	21
7	3	22
7	3	23
7	3	24
7	3	25
7	3	26
7	3	27
7	3	28
7	3	29
7	3	30
7	3	31
7	3	32
7	3	33
7	3	34
7	3	35
7	3	36
7	3	37
7	3	38
7	3	39
7	3	40
7	3	41
7	3	42
7	3	43
7	3	44
7	3	45
7	3	46
7	3	47
7	3	48
7	3	49
7	3	50
7	3	51
7	3	52
7	3	53
7	3	54
7	3	55
7	3	56
7	3	57
7	3	58
7	3	59
7	3	60
7	3	61
7	3	62
7	3	63
7	3	64
7	3	65
7	3	66
7	3	67
7	3	68
7	3	69
7	3	70
7	3	71
7	3	72
7	4	1
7	4	2
7	4	3
7	4	4
7	4	5
7	4	6
7	4	7
7	4	8
7	4	9
7	4	10
7	4	11
7	4	12
7	4	13
7	4	14
7	4	15
7	4	16
7	4	17
7	4	18
7	4	19
7	4	20
7	4	21
7	4	22
7	4	23
7	4	24
7	4	25
7	4	26
7	4	27
7	4	28
7	4	29
7	4	30
7	4	31
7	4	32
7	4	33
7	4	34
7	4	35
7	4	36
7	4	37
7	4	38
7	4	39
7	4	40
7	4	41
7	4	42
7	4	43
7	4	44
7	4	45
7	4	46
7	4	47
7	4	48
7	4	49
7	4	50
7	4	51
7	4	52
7	4	53
7	4	54
7	4	55
7	4	56
7	4	57
7	4	58
7	4	59
7	4	60
7	4	61
7	4	62
7	4	63
7	4	64
7	4	65
7	4	66
7	4	67
7	4	68
7	4	69
7	4	70
7	4	71
7	4	72
7	5	1
7	5	2
7	5	3
7	5	4
7	5	5
7	5	6
7	5	7
7	5	8
7	5	9
7	5	10
7	5	11
7	5	12
7	5	13
7	5	14
7	5	15
7	5	16
7	5	17
7	5	18
7	5	19
7	5	20
7	5	21
7	5	22
7	5	23
7	5	24
7	5	25
7	5	26
7	5	27
7	5	28
7	5	29
7	5	30
7	5	31
7	5	32
7	5	33
7	5	34
7	5	35
7	5	36
7	5	37
7	5	38
7	5	39
7	5	40
7	5	41
7	5	42
7	5	43
7	5	44
7	5	45
7	5	46
7	5	47
7	5	48
7	5	49
7	5	50
7	5	51
7	5	52
7	5	53
7	5	54
7	5	55
7	5	56
7	5	57
7	5	58
7	5	59
7	5	60
7	5	61
7	5	62
7	5	63
7	5	64
7	5	65
7	5	66
7	5	67
7	5	68
7	5	69
7	5	70
7	5	71
7	5	72
7	6	1
7	6	2
7	6	3
7	6	4
7	6	5
7	6	6
7	6	7
7	6	8
7	6	9
7	6	10
7	6	11
7	6	12
7	6	13
7	6	14
7	6	15
7	6	16
7	6	17
7	6	18
7	6	19
7	6	20
7	6	21
7	6	22
7	6	23
7	6	24
7	6	25
7	6	26
7	6	27
7	6	28
7	6	29
7	6	30
7	6	31
7	6	32
7	6	33
7	6	34
7	6	35
7	6	36
7	6	37
7	6	38
7	6	39
7	6	40
7	6	41
7	6	42
7	6	43
7	6	44
7	6	45
7	6	46
7	6	47
7	6	48
7	6	49
7	6	50
7	6	51
7	6	52
7	6	53
7	6	54
7	6	55
7	6	56
7	6	57
7	6	58
7	6	59
7	6	60
7	6	61
7	6	62
7	6	63
7	6	64
7	6	65
7	6	66
7	6	67
7	6	68
7	6	69
7	6	70
7	6	71
7	6	72
7	7	1
7	7	2
7	7	3
7	7	4
7	7	5
7	7	6
7	7	7
7	7	8
7	7	9
7	7	10
7	7	11
7	7	12
7	7	13
7	7	14
7	7	15
7	7	16
7	7	17
7	7	18
7	7	19
7	7	20
7	7	21
7	7	22
7	7	23
7	7	24
7	7	25
7	7	26
7	7	27
7	7	28
7	7	29
7	7	30
7	7	31
7	7	32
7	7	33
7	7	34
7	7	35
7	7	36
7	7	37
7	7	38
7	7	39
7	7	40
7	7	41
7	7	42
7	7	43
7	7	44
7	7	45
7	7	46
7	7	47
7	7	48
7	7	49
7	7	50
7	7	51
7	7	52
7	7	53
7	7	54
7	7	55
7	7	56
7	7	57
7	7	58
7	7	59
7	7	60
7	7	61
7	7	62
7	7	63
7	7	64
7	7	65
7	7	66
7	7	67
7	7	68
7	7	69
7	7	70
7	7	71
7	7	72
7	8	1
7	8	2
7	8	3
7	8	4
7	8	5
7	8	6
7	8	7
7	8	8
7	8	9
7	8	10
7	8	11
7	8	12
7	8	13
7	8	14
7	8	15
7	8	16
7	8	17
7	8	18
7	8	19
7	8	20
7	8	21
7	8	22
7	8	23
7	8	24
7	8	25
7	8	26
7	8	27
7	8	28
7	8	29
7	8	30
7	8	31
7	8	32
7	8	33
7	8	34
7	8	35
7	8	36
7	8	37
7	8	38
7	8	39
7	8	40
7	8	41
7	8	42
7	8	43
7	8	44
7	8	45
7	8	46
7	8	47
7	8	48
7	8	49
7	8	50
7	8	51
7	8	52
7	8	53
7	8	54
7	8	55
7	8	56
7	8	57
7	8	58
7	8	59
7	8	60
7	8	61
7	8	62
7	8	63
7	8	64
7	8	65
7	8	66
7	8	67
7	8	68
7	8	69
7	8	70
7	8	71
7	8	72
7	9	1
7	9	2
7	9	3
7	9	4
7	9	5
7	9	6
7	9	7
7	9	8
7	9	9
7	9	10
7	9	11
7	9	12
7	9	13
7	9	14
7	9	15
7	9	16
7	9	17
7	9	18
7	9	19
7	9	20
7	9	21
7	9	22
7	9	23
7	9	24
7	9	25
7	9	26
7	9	27
7	9	28
7	9	29
7	9	30
7	9	31
7	9	32
7	9	33
7	9	34
7	9	35
7	9	36
7	9	37
7	9	38
7	9	39
7	9	40
7	9	41
7	9	42
7	9	43
7	9	44
7	9	45
7	9	46
7	9	47
7	9	48
7	9	49
7	9	50
7	9	51
7	9	52
7	9	53
7	9	54
7	9	55
7	9	56
7	9	57
7	9	58
7	9	59
7	9	60
7	9	61
7	9	62
7	9	63
7	9	64
7	9	65
7	9	66
7	9	67
7	9	68
7	9	69
7	9	70
7	9	71
7	9	72
7	10	1
7	10	2
7	10	3
7	10	4
7	10	5
7	10	6
7	10	7
7	10	8
7	10	9
7	10	10
7	10	11
7	10	12
7	10	13
7	10	14
7	10	15
7	10	16
7	10	17
7	10	18
7	10	19
7	10	20
7	10	21
7	10	22
7	10	23
7	10	24
7	10	25
7	10	26
7	10	27
7	10	28
7	10	29
7	10	30
7	10	31
7	10	32
7	10	33
7	10	34
7	10	35
7	10	36
7	10	37
7	10	38
7	10	39
7	10	40
7	10	41
7	10	42
7	10	43
7	10	44
7	10	45
7	10	46
7	10	47
7	10	48
7	10	49
7	10	50
7	10	51
7	10	52
7	10	53
7	10	54
7	10	55
7	10	56
7	10	57
7	10	58
7	10	59
7	10	60
7	10	61
7	10	62
7	10	63
7	10	64
7	10	65
7	10	66
7	10	67
7	10	68
7	10	69
7	10	70
7	10	71
7	10	72
7	11	1
7	11	2
7	11	3
7	11	4
7	11	5
7	11	6
7	11	7
7	11	8
7	11	9
7	11	10
7	11	11
7	11	12
7	11	13
7	11	14
7	11	15
7	11	16
7	11	17
7	11	18
7	11	19
7	11	20
7	11	21
7	11	22
7	11	23
7	11	24
7	11	25
7	11	26
7	11	27
7	11	28
7	11	29
7	11	30
7	11	31
7	11	32
7	11	33
7	11	34
7	11	35
7	11	36
7	11	37
7	11	38
7	11	39
7	11	40
7	11	41
7	11	42
7	11	43
7	11	44
7	11	45
7	11	46
7	11	47
7	11	48
7	11	49
7	11	50
7	11	51
7	11	52
7	11	53
7	11	54
7	11	55
7	11	56
7	11	57
7	11	58
7	11	59
7	11	60
7	11	61
7	11	62
7	11	63
7	11	64
7	11	65
7	11	66
7	11	67
7	11	68
7	11	69
7	11	70
7	11	71
7	11	72
7	12	1
7	12	2
7	12	3
7	12	4
7	12	5
7	12	6
7	12	7
7	12	8
7	12	9
7	12	10
7	12	11
7	12	12
7	12	13
7	12	14
7	12	15
7	12	16
7	12	17
7	12	18
7	12	19
7	12	20
7	12	21
7	12	22
7	12	23
7	12	24
7	12	25
7	12	26
7	12	27
7	12	28
7	12	29
7	12	30
7	12	31
7	12	32
7	12	33
7	12	34
7	12	35
7	12	36
7	12	37
7	12	38
7	12	39
7	12	40
7	12	41
7	12	42
7	12	43
7	12	44
7	12	45
7	12	46
7	12	47
7	12	48
7	12	49
7	12	50
7	12	51
7	12	52
7	12	53
7	12	54
7	12	55
7	12	56
7	12	57
7	12	58
7	12	59
7	12	60
7	12	61
7	12	62
7	12	63
7	12	64
7	12	65
7	12	66
7	12	67
7	12	68
7	12	69
7	12	70
7	12	71
7	12	72
7	13	1
7	13	2
7	13	3
7	13	4
7	13	5
7	13	6
7	13	7
7	13	8
7	13	9
7	13	10
7	13	11
7	13	12
7	13	13
7	13	14
7	13	15
7	13	16
7	13	17
7	13	18
7	13	19
7	13	20
7	13	21
7	13	22
7	13	23
7	13	24
7	13	25
7	13	26
7	13	27
7	13	28
7	13	29
7	13	30
7	13	31
7	13	32
7	13	33
7	13	34
7	13	35
7	13	36
7	13	37
7	13	38
7	13	39
7	13	40
7	13	41
7	13	42
7	13	43
7	13	44
7	13	45
7	13	46
7	13	47
7	13	48
7	13	49
7	13	50
7	13	51
7	13	52
7	13	53
7	13	54
7	13	55
7	13	56
7	13	57
7	13	58
7	13	59
7	13	60
7	13	61
7	13	62
7	13	63
7	13	64
7	13	65
7	13	66
7	13	67
7	13	68
7	13	69
7	13	70
7	13	71
7	13	72
7	14	1
7	14	2
7	14	3
7	14	4
7	14	5
7	14	6
7	14	7
7	14	8
7	14	9
7	14	10
7	14	11
7	14	12
7	14	13
7	14	14
7	14	15
7	14	16
7	14	17
7	14	18
7	14	19
7	14	20
7	14	21
7	14	22
7	14	23
7	14	24
7	14	25
7	14	26
7	14	27
7	14	28
7	14	29
7	14	30
7	14	31
7	14	32
7	14	33
7	14	34
7	14	35
7	14	36
7	14	37
7	14	38
7	14	39
7	14	40
7	14	41
7	14	42
7	14	43
7	14	44
7	14	45
7	14	46
7	14	47
7	14	48
7	14	49
7	14	50
7	14	51
7	14	52
7	14	53
7	14	54
7	14	55
7	14	56
7	14	57
7	14	58
7	14	59
7	14	60
7	14	61
7	14	62
7	14	63
7	14	64
7	14	65
7	14	66
7	14	67
7	14	68
7	14	69
7	14	70
7	14	71
7	14	72
7	15	1
7	15	2
7	15	3
7	15	4
7	15	5
7	15	6
7	15	7
7	15	8
7	15	9
7	15	10
7	15	11
7	15	12
7	15	13
7	15	14
7	15	15
7	15	16
7	15	17
7	15	18
7	15	19
7	15	20
7	15	21
7	15	22
7	15	23
7	15	24
7	15	25
7	15	26
7	15	27
7	15	28
7	15	29
7	15	30
7	15	31
7	15	32
7	15	33
7	15	34
7	15	35
7	15	36
7	15	37
7	15	38
7	15	39
7	15	40
7	15	41
7	15	42
7	15	43
7	15	44
7	15	45
7	15	46
7	15	47
7	15	48
7	15	49
7	15	50
7	15	51
7	15	52
7	15	53
7	15	54
7	15	55
7	15	56
7	15	57
7	15	58
7	15	59
7	15	60
7	15	61
7	15	62
7	15	63
7	15	64
7	15	65
7	15	66
7	15	67
7	15	68
7	15	69
7	15	70
7	15	71
7	15	72
