Threshold= 0.03	RefRun= 271961	AnalazedRun=  276678:	
0	-16	24
0	-16	33
0	-16	64
0	-15	23
0	-15	24
0	-15	33
0	-15	56
0	-14	15
0	-14	24
0	-14	33
0	-14	35
0	-14	39
0	-13	15
0	-13	24
0	-13	33
0	-13	35
0	-13	64
0	-12	1
0	-12	24
0	-12	33
0	-11	1
0	-11	23
0	-11	24
0	-11	33
0	-10	24
0	-10	33
0	-10	35
0	-9	15
0	-9	24
0	-9	33
0	-9	35
0	-9	64
0	-8	1
0	-8	24
0	-8	33
0	-8	38
0	-8	64
0	-7	1
0	-7	23
0	-7	24
0	-7	33
0	-6	1
0	-6	24
0	-6	33
0	-6	35
0	-5	1
0	-5	15
0	-5	24
0	-5	33
0	-5	35
0	-5	39
0	-5	64
0	-4	1
0	-4	24
0	-4	33
0	-4	64
0	-3	1
0	-3	23
0	-3	24
0	-3	33
0	-3	64
0	-2	1
0	-2	24
0	-2	33
0	-2	64
0	-1	1
0	-1	23
0	-1	24
0	-1	33
0	-1	64
0	2	33
0	2	42
0	3	40
0	3	68
0	4	23
0	5	23
0	5	72
0	6	23
0	7	40
0	7	72
0	8	72
0	9	72
0	11	17
0	11	40
0	12	17
0	13	23
0	14	17
0	15	23
0	15	41
1	-16	14
1	-16	23
1	-16	24
1	-16	33
1	-16	35
1	-16	64
1	-15	2
1	-15	15
1	-15	24
1	-15	33
1	-15	64
1	16	23
1	16	42
1	16	59
2	-29	5
2	-29	47
2	-29	51
2	-28	5
2	-27	21
2	-27	43
2	-27	45
2	-26	5
2	-26	47
2	-26	59
2	-25	5
2	-25	21
2	-25	33
2	-25	43
2	-25	45
2	-25	59
2	-25	61
2	-24	5
2	-24	47
2	-24	63
2	-23	21
2	-23	43
2	-22	5
2	-22	47
2	-21	21
2	-21	43
2	-21	45
2	-21	51
2	-20	6
2	-20	21
2	-20	44
2	-20	45
2	-20	47
2	-19	21
2	-19	44
2	-19	45
2	-19	47
2	-18	6
2	-18	21
2	-18	44
2	-18	45
2	-18	47
2	-17	21
2	-17	43
2	-17	44
2	-17	45
2	-17	47
2	-17	59
2	17	3
2	17	57
2	18	57
2	19	57
2	20	17
2	20	45
2	20	57
2	20	66
2	21	57
2	22	65
2	23	57
2	25	43
2	25	53
2	25	57
2	26	65
2	27	43
2	27	57
2	28	53
2	28	65
2	29	65
3	-29	21
3	-29	41
3	-29	43
3	-28	5
3	-28	47
3	-28	59
3	-28	63
3	-27	21
3	-27	43
3	-27	45
3	-27	51
3	-26	5
3	-26	47
3	-26	51
3	-25	7
3	-25	21
3	-25	43
3	-25	45
3	-25	51
3	-24	5
3	-24	47
3	-23	21
3	-23	43
3	-23	45
3	-23	55
3	-22	5
3	-22	47
3	-22	71
3	-21	21
3	-21	43
3	-21	45
3	-21	51
3	-20	21
3	-20	44
3	-20	47
3	-19	6
3	-19	21
3	-19	44
3	-19	45
3	-19	47
3	-19	59
3	-18	21
3	-18	44
3	-18	45
3	-18	47
3	18	57
3	19	57
3	20	57
3	21	57
3	22	65
3	23	57
3	24	41
3	25	55
3	25	57
3	25	67
3	26	31
3	26	43
3	26	65
3	27	57
3	29	57
4	-28	5
4	-28	9
4	-28	13
4	-28	31
4	-28	47
4	-28	59
4	-28	65
4	-28	67
4	-27	21
4	-27	43
4	-27	45
4	-27	51
4	-16	21
4	-16	42
4	-16	44
4	-16	45
4	-16	47
4	-16	59
4	16	57
4	27	17
4	27	43
4	27	57
4	28	31
4	28	43
4	28	59
4	28	65
5	-41	47
5	-40	35
5	-39	33
5	-38	35
5	-38	63
5	-37	49
5	-36	27
5	-36	47
5	-35	15
5	-35	23
5	-35	39
5	-35	47
5	-35	65
5	-33	5
5	-33	65
5	-32	3
5	-32	45
5	-32	59
5	-31	13
5	-31	35
5	-31	39
5	-30	21
5	29	47
5	29	67
5	29	69
5	30	11
5	30	67
5	30	69
5	31	61
5	31	67
5	31	69
5	32	39
5	32	47
5	32	59
5	32	67
5	32	69
5	33	5
5	33	43
5	33	67
5	33	69
5	34	67
5	34	69
5	35	7
5	35	67
5	35	69
5	36	67
5	36	69
5	37	65
5	37	67
5	37	69
5	38	67
5	38	69
5	39	1
5	39	55
5	39	67
5	39	69
5	40	55
5	40	67
5	41	67
5	41	71
6	-38	41
6	-37	1
6	-37	13
6	-35	57
6	-34	27
6	-32	27
6	-30	13
6	-30	27
6	-30	37
6	-30	55
6	29	67
6	29	69
6	30	67
6	30	69
6	31	47
6	31	67
6	31	69
6	32	67
6	32	69
6	33	67
6	33	69
6	34	47
6	34	53
6	34	67
6	34	69
6	35	67
6	35	69
6	36	61
6	36	67
6	36	69
6	37	67
6	37	69
6	38	35
6	38	67
6	38	69
6	39	67
6	39	69
6	40	67
6	41	67
7	-15	16
7	-15	63
7	-14	54
7	-14	61
7	-13	39
7	-13	59
7	-13	63
7	-11	60
7	-10	49
7	-10	50
7	-9	19
7	-9	52
7	-8	22
7	-8	38
7	-8	51
7	-8	52
7	-8	67
7	-7	15
7	-7	44
7	-7	52
7	-6	21
7	-6	22
7	-6	49
7	-5	15
7	-5	18
7	-5	22
7	-5	23
7	-5	34
7	-4	9
7	-4	18
7	-4	20
7	-4	30
7	-4	44
7	-4	46
7	-4	70
7	-4	71
7	-3	2
7	-3	13
7	-3	14
7	-3	20
7	-3	40
7	-3	48
7	-3	50
7	-3	56
7	-3	67
7	-2	9
7	-2	13
7	-2	14
7	-2	33
7	-2	34
7	-2	43
7	-2	47
7	-2	51
7	-2	64
7	-1	12
7	-1	23
7	-1	25
7	-1	51
7	-1	56
7	1	14
7	1	65
7	2	1
7	2	2
7	2	19
7	2	23
7	2	34
7	2	42
7	2	52
7	2	71
7	3	12
7	3	14
7	3	15
7	3	24
7	3	30
7	3	52
7	4	1
7	4	14
7	4	19
7	4	27
7	5	1
7	5	3
7	5	8
7	5	10
7	5	12
7	5	19
7	5	39
7	5	46
7	5	47
7	5	52
7	5	62
7	5	66
7	5	68
7	6	24
7	6	59
7	6	61
7	6	62
7	6	71
7	7	9
7	7	11
7	7	12
7	7	37
7	7	42
7	7	62
7	7	66
7	7	69
7	7	70
7	8	8
7	8	9
7	8	52
7	8	60
7	8	64
7	8	68
7	8	70
7	9	10
7	9	67
7	9	69
7	9	70
7	9	71
7	10	3
7	10	35
7	10	59
7	10	60
7	10	68
7	10	69
7	10	70
7	11	11
7	11	13
7	11	20
7	11	25
7	11	33
7	11	34
7	11	69
7	11	70
7	12	32
7	13	11
7	13	13
7	13	23
7	13	68
7	14	23
7	14	69
7	15	31
Threshold= 0.03	RefRun= 272303	AnalazedRun=  276678:	
0	-16	1
0	-16	24
0	-16	33
0	-16	64
0	-15	23
0	-15	24
0	-15	33
0	-15	35
0	-15	56
0	-14	24
0	-14	32
0	-14	33
0	-14	35
0	-14	39
0	-13	24
0	-13	33
0	-13	35
0	-13	64
0	-12	1
0	-12	24
0	-12	33
0	-11	1
0	-11	23
0	-11	24
0	-11	33
0	-10	24
0	-10	33
0	-10	35
0	-9	1
0	-9	24
0	-9	33
0	-9	35
0	-9	64
0	-8	1
0	-8	24
0	-8	33
0	-8	38
0	-8	64
0	-7	1
0	-7	23
0	-7	24
0	-7	33
0	-6	1
0	-6	24
0	-6	33
0	-6	35
0	-5	1
0	-5	24
0	-5	33
0	-5	35
0	-5	39
0	-5	64
0	-4	1
0	-4	24
0	-4	33
0	-4	64
0	-3	1
0	-3	23
0	-3	24
0	-3	33
0	-3	64
0	-2	1
0	-2	24
0	-2	33
0	-2	64
0	-1	1
0	-1	23
0	-1	24
0	-1	33
0	-1	64
0	2	33
0	3	40
0	3	68
0	5	2
0	5	72
0	6	23
0	7	40
0	7	72
0	8	72
0	9	72
0	11	33
0	11	40
0	12	36
0	14	17
0	15	23
0	15	41
1	-16	1
1	-16	14
1	-16	19
1	-16	24
1	-16	33
1	-16	35
1	-16	64
1	-15	2
1	-15	15
1	-15	24
1	-15	33
1	-15	64
1	16	23
1	16	42
1	16	59
2	-29	5
2	-29	47
2	-28	5
2	-28	61
2	-27	21
2	-27	43
2	-27	45
2	-26	5
2	-25	5
2	-25	21
2	-25	33
2	-25	45
2	-25	59
2	-24	5
2	-24	63
2	-23	21
2	-23	43
2	-22	5
2	-22	47
2	-21	21
2	-21	43
2	-21	45
2	-20	6
2	-20	21
2	-20	45
2	-20	47
2	-19	21
2	-19	44
2	-19	45
2	-19	47
2	-18	6
2	-18	21
2	-18	47
2	-17	21
2	-17	43
2	-17	44
2	-17	45
2	-17	47
2	-17	59
2	17	57
2	18	57
2	19	45
2	19	57
2	20	45
2	20	57
2	21	57
2	23	57
2	25	43
2	25	57
2	25	71
2	26	65
2	27	57
2	28	53
2	29	65
3	-29	21
3	-29	41
3	-28	5
3	-28	63
3	-27	21
3	-27	43
3	-27	45
3	-26	5
3	-26	47
3	-26	51
3	-25	7
3	-25	21
3	-25	45
3	-24	5
3	-24	47
3	-23	21
3	-23	43
3	-23	55
3	-22	5
3	-22	47
3	-22	71
3	-21	21
3	-21	43
3	-20	21
3	-20	41
3	-20	44
3	-20	47
3	-19	6
3	-19	21
3	-19	44
3	-19	45
3	-19	47
3	-18	21
3	-18	44
3	-18	47
3	18	57
3	19	57
3	20	57
3	21	57
3	22	65
3	23	57
3	24	41
3	25	55
3	25	57
3	25	67
3	26	31
3	27	57
3	29	57
4	-28	5
4	-28	13
4	-28	31
4	-28	47
4	-28	59
4	-28	65
4	-28	67
4	-27	7
4	-27	21
4	-27	43
4	-27	45
4	-27	51
4	-16	21
4	-16	42
4	-16	47
4	-16	59
4	16	42
4	16	45
4	16	57
4	27	37
4	27	43
4	27	57
4	28	31
4	28	43
4	28	59
4	28	65
5	-41	47
5	-40	35
5	-39	11
5	-39	33
5	-38	35
5	-38	63
5	-37	35
5	-36	47
5	-35	15
5	-34	51
5	-33	5
5	-33	49
5	-33	65
5	-32	3
5	-32	69
5	-31	13
5	-31	19
5	-31	39
5	-30	21
5	-30	33
5	29	47
5	30	67
5	31	55
5	32	39
5	32	47
5	32	49
5	33	1
5	33	43
5	33	61
5	34	43
5	34	47
5	36	67
5	36	69
5	37	65
5	39	1
5	39	55
6	-39	49
6	-38	41
6	-38	47
6	-37	1
6	-36	11
6	-36	53
6	-35	57
6	-32	27
6	-30	37
6	-30	55
6	29	47
6	30	47
6	31	47
6	34	47
6	34	53
6	35	19
6	36	21
6	37	65
6	38	35
6	38	37
6	41	67
7	-10	49
7	-9	58
7	-8	22
7	-8	67
7	-5	22
7	-5	23
7	-5	34
7	-4	1
7	-4	20
7	-4	33
7	-4	46
7	-4	70
7	-4	71
7	-3	20
7	-3	25
7	-3	48
7	-3	56
7	-3	67
7	-2	10
7	-2	14
7	5	17
7	5	66
7	5	69
7	7	37
7	8	8
7	8	70
7	10	3
7	10	68
7	10	69
7	11	34
7	11	70
7	13	6
7	14	23
7	14	39
