Threshold= 0.05	RefRun= 272303	AnalazedRun=  276678:	
0	-14	39
0	-13	35
0	-12	1
0	-1	24
0	3	40
0	7	40
0	11	40
0	15	41
1	-16	24
1	-16	64
1	-15	24
1	16	59
3	-18	44
3	26	31
5	39	1
6	-32	27
7	-3	25
7	14	23
Threshold= 0.05	RefRun= 271961	AnalazedRun=  276678:	
0	-14	35
0	-14	39
0	-13	35
0	-12	1
0	-5	24
0	-1	24
0	3	40
0	7	40
0	7	72
0	11	40
1	-16	24
1	-16	35
1	-16	64
1	-15	24
1	16	59
2	-27	43
2	-17	47
3	-26	5
3	-25	21
3	-18	44
3	26	31
4	28	65
5	29	67
5	29	69
5	30	67
5	30	69
5	31	67
5	31	69
5	32	67
5	32	69
5	33	67
5	33	69
5	34	67
5	34	69
5	35	67
5	35	69
5	36	67
5	36	69
5	37	67
5	37	69
5	38	67
5	38	69
5	39	1
5	39	67
5	39	69
5	40	67
5	41	67
6	-34	27
6	-32	27
6	-30	27
6	29	67
6	29	69
6	30	67
6	30	69
6	31	67
6	31	69
6	32	67
6	32	69
6	33	67
6	33	69
6	34	67
6	34	69
6	35	67
6	35	69
6	36	67
6	36	69
6	37	67
6	37	69
6	38	67
6	38	69
6	39	67
6	39	69
6	40	67
6	41	67
7	-4	71
7	14	23
