0.994378	
 1.00722	
 1.05158	
0.993354	
0.983204	
0.978102	
0.953759	
0.982592	
 1.00361	
0.974287	
0.993532	
0.965101	
0.976168	
0.999847	
0.997148	
0.966472	
0.987801	
0.988104	
0.937946	
0.996706	
0.993933	
0.987125	
0.964517	
  1.0528	
0.997514	
0.945355	
0.972093	
0.992218	
0.984519	
0.960746	
0.990965	
0.955354	
0.980121	
0.950012	
0.999819	
0.984656	
ref_to_zero	
 1.00391	
 1.00512	
 1.04043	
0.994648	
 0.97896	
0.979129	
0.963606	
0.991715	
 1.00637	
0.979193	
0.991492	
 0.97145	
0.978221	
 1.00784	
0.993906	
0.991741	
0.980476	
0.998753	
0.974539	
 1.00319	
0.990926	
0.983096	
0.967528	
 1.04101	
0.998699	
0.975895	
0.988124	
0.994781	
0.968512	
0.968269	
 1.01423	
0.986849	
0.980674	
0.964095	
0.995262	
0.971568	
ref_to_zero	
0.983924	
 0.99632	
0.955071	
0.959447	
0.999992	
 0.98489	
0.997073	
0.995484	
 1.00047	
 0.96148	
0.944156	
 1.00695	
0.984239	
0.989521	
0.979914	
0.984268	
0.966539	
 1.00339	
0.991709	
0.987354	
0.982719	
0.929286	
0.936938	
0.991549	
0.959885	
0.941586	
0.980279	
0.959555	
0.996003	
0.968573	
0.971098	
0.900232	
0.960819	
 1.00541	
0.985929	
0.974927	
ref_to_zero	
0.987875	
0.994262	
 1.04048	
0.985648	
0.967651	
0.970912	
0.955075	
0.979317	
 1.00313	
0.964755	
0.994093	
0.962161	
0.978337	
 1.00098	
0.994108	
0.977312	
0.977083	
 0.98855	
0.975462	
0.998743	
0.991053	
0.995271	
0.988876	
 1.05209	
0.997494	
0.979915	
0.957209	
0.989451	
0.965545	
0.940272	
0.998035	
0.976016	
0.984687	
0.939718	
0.999973	
0.972377	
