0.994822	
0.970846	
0.971283	
0.983224	
0.982048	
 0.94116	
 1.01789	
0.985818	
0.990546	
 1.00027	
 1.00558	
 1.01433	
0.988382	
0.993663	
0.986676	
0.962108	
0.970595	
0.979645	
 1.01067	
0.976422	
 1.00323	
0.931692	
0.951714	
0.959754	
0.990273	
0.992304	
 1.00867	
0.983099	
0.983137	
0.961199	
0.977543	
0.996178	
0.879843	
0.992202	
0.993124	
0.979297	
ref_to_zero	
 0.99875	
0.976671	
0.983528	
 0.98248	
0.988439	
0.955359	
 1.01391	
0.989482	
0.980178	
0.998199	
 1.00904	
0.999929	
 0.99447	
0.985889	
 0.99199	
0.994912	
0.979955	
 0.99562	
 1.00763	
0.982327	
 1.00611	
0.984254	
 0.96325	
0.954839	
0.982338	
 0.99918	
 1.01766	
0.983436	
0.979413	
0.970176	
0.994325	
0.992446	
0.918912	
0.997905	
 1.01889	
0.981351	
ref_to_zero	
 1.00198	
0.955517	
0.943847	
 0.98324	
0.996849	
 1.00407	
0.991864	
 1.00013	
0.935975	
 1.00433	
 1.00155	
 1.00997	
0.932322	
0.939007	
0.978916	
0.996743	
0.968588	
0.996031	
0.959197	
0.989298	
0.988827	
0.912376	
 1.00247	
0.999479	
0.980445	
0.978594	
0.961442	
   0.959	
 1.05342	
0.974199	
0.971902	
0.977242	
0.962427	
0.986716	
0.996332	
0.927486	
ref_to_zero	
0.986912	
0.977997	
0.967868	
0.968896	
 0.98689	
0.940916	
 1.01295	
0.983497	
0.987131	
 1.00567	
 1.00447	
 1.01365	
0.988534	
 0.99038	
0.987244	
0.995803	
 0.97697	
0.969722	
 1.00757	
0.964365	
  1.0075	
0.937725	
0.951185	
0.965767	
0.980989	
0.987291	
0.999387	
 1.00245	
  0.9743	
0.993323	
0.980377	
 1.00135	
0.888905	
0.994443	
0.997152	
0.979313	
ref_to_zero	
ref_to_zero	
