0.934801	
0.935819	
0.940838	
0.940852	
0.932871	
0.935666	
0.936963	
0.943229	
 0.94902	
 0.93011	
0.942231	
 1.05529	
 1.06036	
0.924875	
 1.05016	
0.934535	
0.945557	
 1.05869	
0.929851	
 1.07947	
  1.0505	
0.944417	
0.942013	
 0.94759	
 1.07174	
 0.93365	
0.942166	
0.948285	
0.943217	
0.944693	
 1.05164	
 0.93289	
 0.94843	
0.932568	
 1.06877	
  1.0508	
0.936759	
0.948525	
 1.08295	
0.947535	
 1.07094	
 1.05084	
0.929219	
0.947121	
 1.05028	
 0.94519	
0.948049	
 1.05916	
0.936848	
0.928111	
0.947824	
 1.07378	
0.945859	
 1.07114	
0.940236	
0.946978	
0.946873	
0.947775	
 1.06982	
 1.05256	
0.919603	
0.941348	
0.940338	
  1.0607	
 1.05069	
0.942208	
0.944327	
 0.94706	
  1.0603	
0.922232	
0.933177	
0.941207	
0.929264	
 1.06285	
0.947139	
0.944692	
0.946983	
0.946828	
 1.05682	
0.948303	
0.917174	
0.949333	
0.947541	
 0.91986	
0.944329	
0.948151	
0.929602	
0.947541	
0.934636	
0.943767	
 1.06363	
0.938332	
0.939469	
0.915989	
0.943332	
  0.9041	
 1.05893	
0.941961	
0.924075	
0.938782	
0.934024	
0.942003	
 1.05262	
 1.05158	
0.937946	
  1.0528	
0.945355	
0.944156	
0.929286	
0.936938	
0.941586	
0.900232	
 1.05209	
0.940272	
0.939718	
0.933297	
0.935213	
 0.92604	
0.944752	
0.920671	
0.945318	
 0.94973	
0.896186	
0.949894	
0.944217	
0.942481	
0.931211	
0.947076	
0.949943	
0.935334	
0.940221	
0.924602	
0.937203	
0.931331	
0.932444	
 1.05397	
0.945046	
0.916927	
0.942401	
0.930685	
0.949344	
 1.05431	
0.948628	
0.940057	
 1.05237	
 0.94151	
0.948282	
0.943541	
0.929771	
 1.08062	
0.921687	
0.934169	
0.936279	
 1.05496	
0.929727	
0.941251	
0.941352	
  1.0734	
 1.05911	
0.947185	
0.931506	
0.944162	
0.945678	
 1.10668	
 1.05438	
 0.90353	
0.936737	
0.938782	
0.945173	
0.943528	
0.945561	
 0.94836	
0.916503	
0.941637	
0.947284	
0.944939	
0.928148	
 0.94741	
0.940192	
0.913421	
0.937816	
0.919005	
0.940916	
0.937725	
0.888905	
0.943847	
0.935975	
0.932322	
0.939007	
0.912376	
 1.05342	
0.927486	
0.918912	
 0.94116	
0.931692	
0.879843	
0.949945	
0.946124	
0.946973	
0.937924	
 0.92983	
0.939121	
0.928972	
0.939696	
0.937116	
 0.93979	
0.924817	
0.948404	
 0.92855	
0.942127	
 0.94084	
0.916434	
 1.06131	
0.942613	
0.947123	
 1.05934	
0.936449	
0.938045	
0.935753	
 0.93777	
0.942373	
0.943799	
 0.94856	
0.936805	
0.931756	
 1.05414	
0.945738	
0.939766	
0.928803	
 0.94231	
  1.0633	
0.947399	
0.945749	
0.949454	
 1.06152	
0.948487	
 0.94309	
0.943561	
0.940569	
0.912343	
0.949637	
0.942747	
 1.05615	
0.928652	
 0.94373	
0.949615	
0.938749	
0.927113	
0.948263	
0.905281	
0.948457	
0.948304	
0.949285	
0.939025	
 1.05518	
0.940993	
0.944314	
0.939511	
0.949792	
  1.0648	
0.943561	
0.924375	
0.943691	
0.915938	
0.929733	
0.936907	
0.941923	
0.939422	
0.936882	
0.928005	
0.946842	
0.945861	
0.936592	
0.928094	
0.919193	
0.894833	
0.940826	
 1.05668	
0.935529	
 1.05267	
0.948353	
0.936493	
0.916637	
0.925321	
0.943644	
0.944701	
0.900492	
0.914252	
0.912867	
0.919015	
0.913869	
0.944172	
0.915298	
0.854128	
0.955364	
0.942948	
0.933876	
0.942387	
0.939585	
0.951899	
0.946834	
0.939676	
0.942192	
0.953049	
0.949712	
0.943984	
 1.06045	
0.921637	
0.939261	
0.938247	
0.946596	
0.939688	
0.0258619	
0.948469	
0.952343	
0.941571	
0.951725	
0.948196	
  1.0126	
0.962246	
  -19969	
 0.93158	
0.952802	
0.893353	
0.893353	
