           (0;59;65)	           (0;60;65)	
           1	           1	
     1.00191	    0.999837	
     1.00139	     1.00062	
     1.00191	     1.00174	
     1.00288	     1.00179	
     1.00259	     1.00222	
     1.00347	      1.0028	
      1.0022	     1.00203	
     1.00273	     1.00104	
     1.00264	     1.00124	
     1.00218	     1.00031	
     1.00075	     1.00019	
     1.00167	     1.00091	
     1.00096	     1.00026	
     1.00261	     1.00068	
     1.00193	     1.00132	
   0.0525861	  0.00276311	
