(0;-14;39)	1.00071	0.999494	0.998764	0.0260483	0.996803	0.998765	0.997479	0.997099	0.998482	0.998944	1.0052	0.0261005	1.01066	1.01039	1.01078	1.01472	1.01498	1.0142	1.01732	0.0260855	1.05607	1.05695	1.05982	1.05796	-nan	1.06226	1.06098	1.06303	1.06683	1.0663	1.06219	1.06588	1.06567	1.06649	1.06646	1.06543	1.06363	1.06356	1.06335	1.06393	1.06321	
(0;-13;35)	0.999848	0.995477	0.995597	0.0291788	0.99071	0.989664	0.988888	0.990217	0.990296	0.991414	0.995382	0.0291921	0.996084	0.995691	0.995801	0.999699	1.00156	1.00126	0.998585	0.0291692	1.02058	1.01983	1.02528	1.03143	-nan	1.03853	1.02828	1.03683	1.03721	1.04496	1.0563	1.05632	1.05736	1.05651	1.05655	1.05626	1.0556	1.05884	1.057	1.05876	1.05848	
(0;-12;1)	1.00125	1.0009	1.00345	0.0306158	0.999924	0.999274	1.00213	1.00279	1.00134	1.00235	1.00173	0.0305532	1.00357	1.00451	1.00524	1.00363	1.00658	1.00585	1.00569	0.0305674	1.01566	1.01512	1.02227	1.02103	-nan	1.02853	1.02245	1.02947	1.0303	1.0362	1.04203	1.04752	1.04385	1.04919	1.04816	1.046	1.04918	1.05157	1.04993	1.05301	1.05299	
(0;-1;24)	1.00183	0.998728	0.99879	0.0318721	0.999983	0.999841	1.002	0.996226	0.995806	0.994428	0.989232	0.0318685	0.983454	0.987139	0.987226	0.983348	0.987141	0.985503	0.984656	0.0318104	0.969968	0.969005	0.967443	0.966939	-nan	0.963485	0.958161	0.962098	0.960771	0.961861	0.95457	0.955809	0.952929	0.953205	0.954977	0.956922	0.953771	0.953773	0.954338	0.951432	0.948134	
(0;3;40)	1.0001	0.999053	1.0003	0.019743	0.998926	1.00084	1.00139	1.00174	1.00186	1.00193	1.00273	0.0197328	1.00397	1.00313	1.00263	1.0043	1.0032	1.00517	1.00576	0.0196534	1.00719	1.00632	1.00712	1.00682	-nan	1.00792	0.99963	1.0064	1.00779	1.00733	1.00809	1.00742	3.44763	1.00796	1.00857	1.00857	1.00776	1.00877	1.00941	1.00804	4.2697	
(0;7;40)	0.998797	0.997879	0.999146	0.0192085	0.999973	0.999775	0.996757	1.0004	0.999764	1.00076	1.0014	0.0191601	1.00249	1.00178	1.00185	1.0033	1.00225	1.0046	1.0046	0.0191306	1.00642	1.00494	1.00518	1.00542	-nan	1.0071	0.999005	1.00697	1.00642	1.00632	1.00745	1.00613	15.1677	1.00676	1.0072	1.00798	1.00688	1.00829	1.00792	1.00631	15.1358	
(0;11;40)	0.998714	0.997485	0.998463	0.0184513	0.999635	0.999676	1.00109	1.00046	0.998891	1.00035	1.00068	0.0184324	1.00277	1.00171	1.00113	1.0036	1.00167	1.00386	1.00427	0.0184401	1.00649	1.005	1.00526	1.0053	-nan	1.00721	0.998273	1.00661	1.00772	1.00734	1.00744	1.00636	2.84646	1.00803	1.0076	1.0087	1.00768	1.00754	1.00831	1.00675	3.38111	
(0;15;41)	0.999837	1.0015	0.991841	0.624452	1.01667	1.01803	1.00317	1.02233	1.02613	1.02073	1.02484	0.628372	1.02425	1.03068	1.02475	1.02845	1.02494	1.02858	1.02933	0.628463	1.03819	1.0385	1.04683	1.04293	-nan	1.0519	1.04153	1.05214	1.05118	1.05643	1.05734	1.06014	1.0577	1.05801	1.05789	1.05339	1.05721	1.05789	1.0588	1.0552	1.06001	
(1;-16;24)	1.00049	0.997267	0.998314	0.025798	0.999308	0.99952	0.99666	0.997039	0.996556	0.995807	0.986944	0.0257875	0.983441	0.987393	0.986384	0.984045	0.985787	0.985653	0.983376	0.0258296	0.963115	0.963573	0.96061	0.959805	-nan	0.955123	0.947646	0.953378	0.951296	0.951793	0.943988	0.94544	0.940928	0.942908	0.94362	0.946203	0.942416	0.941764	0.942286	0.938764	0.936116	
(1;-16;64)	1.00047	0.99572	0.993365	0.0319378	0.99773	0.995558	0.999038	0.995799	0.990569	0.992001	0.974381	0.0318259	0.977168	0.974602	0.975215	0.974316	0.970906	0.973081	0.970382	0.031612	0.952966	0.953115	0.954025	0.9528	-nan	0.946212	0.94892	0.944821	0.941737	0.950284	0.940354	0.939012	0.936138	0.936036	0.936986	0.936352	0.935758	0.933229	0.93538	0.930987	0.931405	
(1;-15;24)	1.00005	0.99722	0.997752	0.0296967	0.998906	0.99937	0.998996	0.996041	0.99674	0.995573	0.986243	0.0297323	0.981153	0.983266	0.983532	0.980186	0.982254	0.982271	0.98035	0.0297809	0.961986	0.962766	0.959697	0.958497	-nan	0.954557	0.947103	0.952713	0.952265	0.953159	0.944791	0.946072	0.941607	0.94257	0.944077	0.944665	0.942636	0.941919	0.942713	0.939821	0.936483	
(1;16;59)	1.00049	1.00246	1.00317	0.0273399	1.0052	1.00556	1.00654	1.00395	1.00521	1.0071	1.04407	0.0274755	1.04467	1.04447	1.04643	1.05178	1.04868	1.04902	1.05307	0.0274006	1.05264	1.05345	1.05228	1.05377	-nan	1.05488	1.04624	1.05216	1.05614	1.05377	1.05844	1.05848	1.05567	1.05791	1.05848	1.05775	1.05666	1.054	1.05593	1.05474	1.05469	
(2;-27;43)	0.999439	1.00133	0.999057	0.0237198	0.997857	0.997727	0.997469	0.990595	0.992475	0.99125	0.988363	0.0235859	0.990354	0.989737	0.991556	0.989335	0.985974	0.986637	0.988513	0.0235128	0.96955	0.972805	0.971426	0.965992	-nan	0.966646	0.962766	0.9644	0.961552	0.966459	0.956139	0.956712	0.955682	0.956082	0.95697	0.958132	0.952619	0.953874	0.951662	0.95229	0.952182	
(2;-17;47)	1.00053	0.995556	0.998727	0.0340154	0.998517	1.00225	1.00432	1.00569	1.00706	1.00711	1.01202	0.0340577	1.00599	1.00791	1.01003	1.01022	1.01154	1.0102	1.00822	0.0340359	1.01039	1.01015	1.01277	1.0162	-nan	1.0249	1.01009	1.02076	1.02792	1.02759	1.04038	1.0391	1.03975	1.04196	1.04107	1.04471	1.043	1.04255	1.0449	1.04277	1.04288	
(3;-26;5)	0.999317	0.996546	0.999322	0.0431458	0.995843	0.999143	0.99781	0.0663448	1.00037	0.999298	1.00483	0.0429556	1.00324	1.00498	1.00343	1.00532	1.00614	1.00642	1.00602	0.0429777	1.02154	1.02016	1.02587	1.02486	-nan	1.03174	1.01975	1.0288	1.03344	1.03649	1.04179	1.04283	1.04313	1.04152	1.04159	1.04314	1.04354	1.04773	1.04477	1.04828	1.04813	
(3;-25;21)	1.00085	1.00045	1.00019	0.0380659	0.999672	1.0002	1.00048	0.060491	0.99621	0.996075	0.991259	0.0379696	0.992283	0.993369	0.993702	0.990912	0.991243	0.991038	0.990017	0.0379558	0.975694	0.974599	0.970623	0.970093	-nan	0.968423	0.966145	0.963545	0.961496	0.966088	0.95638	0.955722	0.954648	0.955843	0.955159	0.957082	0.956198	0.954103	0.952035	0.951795	0.950848	
(3;-18;44)	1.00068	1.00179	0.999923	0.0416764	0.998025	0.996051	0.996517	0.990083	0.990608	0.990164	0.98229	0.0416125	0.984583	0.984639	0.986785	0.98046	0.97961	0.978586	0.979698	0.0416674	0.95719	0.958885	0.958418	0.955234	-nan	0.956596	0.950948	0.951065	0.951017	0.955256	0.94625	0.947449	0.944541	0.947481	0.948325	0.94896	0.944786	0.944657	0.942518	0.943023	0.943099	
(3;26;31)	0.998854	1.001	1.00177	0.022161	1.00347	1.00004	1.00013	1.00399	1.00238	1.0019	1.01184	0.0221807	1.01485	1.01597	1.01591	1.02633	1.02732	1.02746	1.02718	0.0221889	1.0622	1.06166	1.06503	1.06015	-nan	1.06357	1.06083	1.06877	1.06043	1.0608	1.06507	1.06501	1.06638	1.06512	1.0665	1.06751	1.0707	1.07184	1.06925	1.07338	1.0754	
(4;28;65)	1.00024	0.999434	1.00054	0.0428175	0.997086	0.997732	1.00085	1.00007	0.99854	0.997188	0.998045	0.0428812	0.994927	0.997939	0.995748	0.99781	0.995122	0.996518	0.996541	0.0430946	0.987233	0.988371	0.985331	0.983338	-nan	0.978865	0.977046	0.975573	0.970762	0.975243	0.963	0.965109	0.959606	0.960498	0.961403	0.961662	0.959766	0.959557	0.956349	0.955304	0.952822	
(5;39;1)	0.991897	1.00183	0.994181	0.139844	0.998377	1.00161	0.999093	0.996532	1.00579	1.01024	1.03367	0.140433	1.02558	1.01895	-nan	625.552	1.02558	1.02724	1.02719	0.140164	1.06696	1.05827	1.08892	1.0914	-nan	1.09936	0.581449	1.09525	1.10172	1.09465	1.10567	1.10586	1.10282	1.09979	1.10879	1.10582	1.10699	1.10258	1.10997	1.11074	1.10083	
(6;-32;27)	1.11519	0.920437	1.1267	0.955283	0.556304	0.0775539	0.0753629	0.0777632	0.0778629	-0.000599997	-0.000603736	-0.000812784	0.078063	0.0783352	-nan	0.077797	0.0777712	0.0778032	0.0779822	0.000700213	0.0782	0.0783549	0.0787231	0.0788566	-nan	0.0788414	0.031404	0.079	0.0787084	0.0791082	0.0787962	0.0788689	0.078675	0.0788698	0.078918	0.079189	0.0793749	0.0794331	0.0788272	0.0796576	0.0790204	
(7;-3;25)	1.00003	1.00752	1.01045	0.900726	2.27399	2.28276	2.25055	1.65065	0.699302	0.759546	2.28941	0.904715	2.27901	2.28715	-nan	2.29262	2.28477	2.30284	2.29191	0.905224	2.30797	2.29729	2.32204	2.3037	2.30942	2.29701	2.28857	2.31845	2.30101	2.31886	2.30425	2.30648	2.30166	2.31601	2.30456	2.31488	2.31712	2.31174	2.30624	2.30709	2.31363	
(7;14;23)	1.00259	0.990232	0.99413	0.168945	1.0025	1.00727	1.01405	1.01465	1.01095	1.01016	1.01072	0.169159	1.00218	1.00318	-nan	1.00379	0.999108	0.999111	1.00836	0.169145	0.985669	0.990932	0.923163	0.901643	0.89804	0.901345	0.933562	0.913845	0.916168	0.907988	0.896916	0.901343	0.880506	0.883666	0.880937	0.874812	0.881291	0.871708	0.887194	0.87409	0.865864	

